date,open,high,close,low,volume,price_change,p_change,ma5,ma10,ma20,v_ma5,v_ma10,v_ma20
2018-07-06,3.43,3.54,3.48,3.38,175880.12,0.05,1.46,3.488,3.494,3.584,130707.11,145530.89,153338.77
2018-07-05,3.52,3.55,3.43,3.43,113470.5,-0.08,-2.28,3.506,3.496,3.607,129723.37,138745.99,156690.09
2018-07-04,3.53,3.56,3.51,3.49,90729.66,-0.04,-1.13,3.524,3.496,3.634,157585.48,141835.67,158224.02
2018-07-03,3.49,3.55,3.55,3.46,132967.48,0.08,2.31,3.516,3.494,3.657,162958.59,149406.69,160050.27
2018-07-02,3.55,3.6,3.47,3.45,140487.8,-0.1,-2.8,3.504,3.485,3.675,161442.4,170890.07,159193.87
2018-06-29,3.51,3.59,3.57,3.49,170961.41,0.05,1.42,3.5,3.515,3.7,160354.66,169974.27,160444.91
2018-06-28,3.47,3.64,3.52,3.45,252781.05,0.05,1.44,3.486,3.537,3.718,147768.62,161023.31,158604.58
2018-06-27,3.49,3.5,3.47,3.44,117595.21,-0.02,-0.57,3.468,3.563,3.737,126085.87,144524.38,154274.38
2018-06-26,3.4,3.5,3.49,3.4,125386.51,0.04,1.16,3.472,3.601,3.764,135854.79,142858.68,153502.9
2018-06-25,3.54,3.54,3.45,3.44,135049.14,-0.05,-1.43,3.466,3.634,3.792,180337.74,142900.73,151918.33
2018-06-22,3.42,3.5,3.5,3.39,108031.17,0.07,2.04,3.53,3.674,3.821,179593.87,161146.66,148590.2
2018-06-21,3.48,3.53,3.43,3.42,144367.3,-0.06,-1.72,3.588,3.718,3.85,174278.0,174634.18,147739.45
2018-06-20,3.44,3.51,3.49,3.41,166439.84,0.03,0.87,3.658,3.772,3.884,162962.89,174612.36,144643.53
2018-06-19,3.74,3.74,3.46,3.39,347801.25,-0.31,-8.22,3.73,3.819,3.916,149862.56,170693.85,139734.8
2018-06-15,3.8,3.82,3.77,3.73,131329.78,-0.02,-0.53,3.802,3.865,3.951,105463.71,147497.66,128774.55
2018-06-14,3.78,3.83,3.79,3.78,81451.84,0.01,0.27,3.818,3.884,3.967,142699.45,150915.55,128389.93
2018-06-13,3.85,3.85,3.78,3.78,87791.73,-0.07,-1.82,3.848,3.899,3.981,174990.36,156185.85,128103.71
2018-06-12,3.82,3.85,3.85,3.8,100938.19,0.03,0.79,3.886,3.911,3.995,186261.83,164024.38,129732.17
2018-06-11,3.84,3.87,3.82,3.79,125807.01,-0.03,-0.78,3.908,3.927,4.008,191525.14,164147.13,133731.24
2018-06-08,3.92,3.93,3.85,3.79,317508.5,-0.09,-2.28,3.928,3.949,4.025,189531.62,160935.93,131981.75
2018-06-07,3.96,4.02,3.94,3.93,242906.36,-0.03,-0.76,3.95,3.968,4.04,159131.65,136033.75,121425.25
2018-06-06,3.95,3.98,3.97,3.93,144149.09,0.01,0.25,3.95,3.981,4.054,137381.34,120844.73,114950.13
2018-06-05,3.92,3.97,3.96,3.92,127254.75,0.04,1.02,3.936,3.995,4.065,141786.93,114674.71,114199.69
2018-06-04,3.95,3.97,3.92,3.91,115839.39,-0.04,-1.01,3.946,4.013,4.078,136769.11,108775.76,114769.53
2018-06-01,3.9,3.97,3.96,3.86,165508.64,0.08,2.06,3.97,4.037,4.093,132340.25,110051.44,121558.48
2018-05-31,3.93,3.96,3.94,3.91,134154.83,0.04,1.03,3.986,4.05,4.101,112935.85,105864.31,121849.06
2018-05-30,3.98,4.0,3.9,3.9,166177.05,-0.11,-2.74,4.012,4.062,4.11,104308.11,100021.58,135594.74
2018-05-29,4.04,4.06,4.01,4.01,102165.63,-0.03,-0.74,4.054,4.079,4.117,87562.49,95439.96,134633.39
2018-05-28,4.05,4.06,4.04,4.02,93695.09,0.0,0.0,4.08,4.089,4.117,80782.4,103315.36,137002.92
2018-05-25,4.07,4.09,4.04,4.04,68486.65,-0.03,-0.74,4.104,4.101,4.113,87762.63,103027.57,140341.65
2018-05-24,4.11,4.12,4.07,4.06,91016.15,-0.04,-0.97,4.114,4.112,4.113,98792.77,106816.76,147794.4
2018-05-23,4.14,4.15,4.11,4.1,82448.91,-0.03,-0.72,4.112,4.126,4.114,95735.04,109055.53,153616.54
2018-05-22,4.15,4.15,4.14,4.11,68265.21,-0.02,-0.48,4.104,4.134,4.11,103317.43,113724.68,156401.35
2018-05-21,4.11,4.17,4.16,4.11,128596.25,0.07,1.71,4.098,4.142,4.104,125848.31,120763.3,165955.99
2018-05-18,4.07,4.1,4.09,4.05,123637.33,0.03,0.74,4.098,4.149,4.106,118292.51,133065.52,172641.2
2018-05-17,4.07,4.09,4.06,4.05,75727.5,-0.01,-0.25,4.11,4.152,4.112,114840.75,137833.81,174248.87
2018-05-16,4.09,4.11,4.07,4.06,120360.85,-0.04,-0.97,4.14,4.158,4.118,122376.03,171167.91,179555.42
2018-05-15,4.15,4.16,4.11,4.07,180919.64,-0.05,-1.2,4.164,4.154,4.125,124131.93,173826.83,181610.91
2018-05-14,4.15,4.19,4.16,4.13,90817.25,0.01,0.24,4.186,4.144,4.135,115678.29,170690.47,176630.48
2018-05-11,4.21,4.21,4.15,4.14,106378.5,-0.06,-1.43,4.2,4.124,4.146,147838.52,177655.73,178759.6
2018-05-10,4.19,4.23,4.21,4.17,113403.9,0.02,0.48,4.194,4.114,4.156,160826.86,188772.04,179610.08
2018-05-09,4.23,4.23,4.19,4.17,129140.34,-0.03,-0.71,4.176,4.102,4.164,219959.79,198177.55,180879.13
2018-05-08,4.21,4.24,4.22,4.19,138651.45,-0.01,-0.24,4.144,4.085,4.17,223521.74,199078.03,180516.43
2018-05-07,4.17,4.24,4.23,4.15,251618.42,0.11,2.67,4.102,4.066,4.174,225702.66,211148.68,177767.6
2018-05-04,4.11,4.15,4.12,4.1,171320.2,0.0,0.0,4.048,4.063,4.179,207472.93,212216.89,171174.6
2018-05-03,4.02,4.15,4.12,4.01,409068.56,0.09,2.23,4.034,4.071,4.192,216717.21,210663.94,170431.38
2018-05-02,4.05,4.07,4.03,4.0,146950.06,0.02,0.5,4.028,4.077,4.203,176395.31,187942.94,155065.86
2018-04-27,3.97,4.04,4.01,3.96,149556.05,0.05,1.26,4.026,4.095,4.218,174634.32,189394.98,154381.38
2018-04-26,4.04,4.05,3.96,3.96,160469.8,-0.09,-2.22,4.03,4.126,4.229,196594.71,182570.49,151352.68
2018-04-25,4.07,4.07,4.05,4.02,217541.59,-0.04,-0.98,4.078,4.167,4.245,216960.84,179863.48,150508.19
2018-04-24,4.03,4.1,4.09,4.02,207459.05,0.07,1.74,4.108,4.197,4.255,204610.67,170448.13,147644.92
2018-04-23,4.04,4.08,4.02,3.99,138145.11,-0.01,-0.25,4.126,4.226,4.262,199490.57,163580.71,151650.73
2018-04-20,4.18,4.19,4.03,4.03,259358.0,-0.17,-4.05,4.164,4.254,4.287,204155.64,161954.83,150910.06
2018-04-19,4.21,4.24,4.2,4.18,262300.47,0.0,0.0,4.222,4.282,4.312,168546.27,144386.52,147649.6
2018-04-18,4.22,4.23,4.2,4.16,155790.73,0.02,0.48,4.256,4.295,4.329,142766.12,130132.3,138276.4
2018-04-17,4.22,4.26,4.18,4.18,181858.52,-0.03,-0.71,4.286,4.312,4.347,136285.59,130198.81,134537.79
2018-04-16,4.31,4.33,4.21,4.2,161470.5,-0.11,-2.55,4.326,4.329,4.365,127670.85,122188.78,129682.15
2018-04-13,4.36,4.39,4.32,4.32,81311.14,-0.05,-1.14,4.344,4.34,4.383,119754.01,119367.78,126861.85
2018-04-12,4.35,4.41,4.37,4.35,133399.7,0.02,0.46,4.342,4.331,4.397,120226.76,120134.87,128142.67
2018-04-11,4.4,4.4,4.35,4.34,123388.07,-0.03,-0.69,4.334,4.323,4.41,117498.48,121152.89,128867.64
2018-04-10,4.32,4.38,4.38,4.31,138784.83,0.08,1.86,4.338,4.313,4.427,124112.04,124841.7,134202.56
2018-04-09,4.29,4.34,4.3,4.27,121886.29,-0.01,-0.23,4.332,4.297,4.438,116706.71,139720.75,136354.09
2018-04-04,4.36,4.39,4.31,4.31,83674.91,-0.02,-0.46,4.336,4.319,4.451,118981.56,139865.3,135539.38
2018-04-03,4.33,4.38,4.33,4.3,119758.32,-0.04,-0.92,4.32,4.341,4.464,120042.99,150912.68,138552.23
2018-04-02,4.35,4.46,4.37,4.33,156455.86,0.02,0.46,4.312,4.363,4.479,124807.3,146420.49,140909.9
2018-03-30,4.33,4.36,4.35,4.31,101758.18,0.03,0.69,4.288,4.382,4.488,125571.37,138876.77,136500.89
2018-03-29,4.28,4.35,4.32,4.25,133260.52,0.09,2.13,4.262,4.401,4.499,162734.79,137175.52,137081.78
2018-03-28,4.26,4.3,4.23,4.23,88982.05,-0.06,-1.4,4.302,4.426,4.514,160749.05,134355.93,136944.8
2018-03-27,4.29,4.33,4.29,4.27,143579.89,0.04,0.94,4.362,4.463,4.532,181782.37,136150.47,140825.69
2018-03-26,4.16,4.26,4.25,4.13,160276.19,0.03,0.71,4.414,4.497,4.547,168033.69,136582.39,140251.55
2018-03-23,4.44,4.44,4.22,4.13,287575.31,-0.3,-6.64,4.476,4.54,4.566,152182.17,143563.42,141163.06
2018-03-22,4.53,4.58,4.52,4.51,123331.81,-0.01,-0.22,4.54,4.579,4.583,111616.25,132987.42,131842.48
2018-03-21,4.54,4.64,4.53,4.51,194148.66,-0.02,-0.44,4.55,4.583,4.583,107962.8,131213.45,134333.89
2018-03-20,4.54,4.56,4.55,4.5,74836.46,-0.01,-0.22,4.564,4.586,4.581,90518.57,126191.78,129357.81
2018-03-19,4.55,4.57,4.56,4.51,81018.62,0.02,0.44,4.58,4.594,4.578,105131.09,135399.31,131812.04
2018-03-16,4.57,4.6,4.54,4.54,84745.7,-0.03,-0.66,4.604,4.594,4.575,134944.67,134125.02,133922.2
2018-03-15,4.59,4.61,4.57,4.54,105064.58,-0.03,-0.65,4.618,4.597,4.572,154358.59,136988.03,144275.82
2018-03-14,4.63,4.65,4.6,4.59,106927.5,-0.03,-0.65,4.616,4.602,4.579,154464.09,139533.68,145732.46
2018-03-13,4.67,4.68,4.63,4.62,147899.03,-0.05,-1.07,4.608,4.601,4.582,161864.99,145500.91,150361.04
2018-03-12,4.63,4.72,4.68,4.63,230086.56,0.07,1.52,4.608,4.597,4.583,165667.53,143920.71,161725.8
2018-03-09,4.57,4.63,4.61,4.55,181815.28,0.05,1.1,4.584,4.592,4.588,133305.36,138762.7,159495.64
2018-03-08,4.56,4.58,4.56,4.54,105592.09,0.0,0.0,4.576,4.586,4.595,119617.47,130697.53,165231.36
2018-03-07,4.61,4.64,4.56,4.56,143932.0,-0.07,-1.51,4.588,4.582,4.607,124603.26,137454.34,176781.6
2018-03-06,4.58,4.64,4.63,4.55,166911.7,0.07,1.53,4.594,4.576,4.626,129136.82,132523.84,185451.84
2018-03-05,4.56,4.59,4.56,4.55,68275.71,-0.01,-0.22,4.586,4.562,4.65,122173.89,128224.77,185599.97
2018-03-02,4.58,4.62,4.57,4.55,113375.84,-0.05,-1.08,4.6,4.555,4.678,144220.04,133719.38,196840.02
2018-03-01,4.58,4.64,4.62,4.56,130521.07,0.03,0.65,4.596,4.547,4.711,141777.6,151563.61,203298.17
2018-02-28,4.56,4.65,4.59,4.52,166599.77,0.0,0.0,4.576,4.556,4.743,150305.41,151931.25,211674.57
2018-02-27,4.62,4.63,4.59,4.56,132097.08,-0.04,-0.86,4.558,4.563,4.782,135910.86,155221.18,227554.4
2018-02-26,4.56,4.65,4.63,4.52,178506.44,0.08,1.76,4.538,4.569,4.816,134275.65,179530.88,234181.04
2018-02-23,4.53,4.57,4.55,4.51,101163.62,0.03,0.66,4.51,4.583,4.847,123218.72,180228.57,243424.35
2018-02-22,4.51,4.57,4.52,4.5,173160.16,0.02,0.44,4.498,4.603,4.883,161349.63,199765.19,275255.85
2018-02-14,4.5,4.52,4.5,4.44,94627.0,0.01,0.22,4.536,4.631,4.911,153557.08,216108.87,279186.18
2018-02-13,4.53,4.56,4.49,4.49,123921.05,0.0,0.0,4.568,4.676,4.938,174531.5,238379.85,301264.47
2018-02-12,4.5,4.54,4.49,4.47,123221.77,0.0,0.0,4.6,4.737,4.959,224786.11,242975.16,304268.73
2018-02-09,4.65,4.67,4.49,4.4,291818.16,-0.22,-4.67,4.656,4.801,4.976,237238.42,259960.66,309157.59
2018-02-08,4.67,4.73,4.71,4.66,134197.42,0.05,1.07,4.708,4.875,5.0,238180.75,255032.73,300905.86
2018-02-07,4.71,4.76,4.66,4.62,199499.09,0.01,0.21,4.726,4.929,5.012,278660.65,271417.89,299304.6
2018-02-06,4.72,4.78,4.65,4.65,375194.09,-0.12,-2.52,4.784,5.0,5.027,302228.2,299887.63,298762.64
2018-02-05,4.69,4.81,4.77,4.62,185483.36,0.02,0.42,4.874,5.063,5.045,261164.22,288831.2,286421.8
2018-02-02,4.79,4.8,4.75,4.7,296529.81,-0.05,-1.04,4.946,5.11,5.059,282682.89,306620.13,290612.58
2018-02-01,4.95,4.98,4.8,4.76,336596.91,-0.15,-3.03,5.042,5.163,5.071,271884.7,350746.52,284830.64
2018-01-31,5.07,5.08,4.95,4.92,317336.81,-0.15,-2.94,5.132,5.19,5.079,264175.12,342263.49,274597.33
2018-01-30,5.12,5.16,5.1,5.06,169874.22,-0.03,-0.58,5.216,5.2,5.081,297547.06,364149.1,268951.53
2018-01-29,5.22,5.25,5.13,5.09,293076.72,-0.1,-1.91,5.252,5.181,5.073,316498.18,365562.29,268416.48
2018-01-26,5.24,5.3,5.23,5.23,242538.84,-0.02,-0.38,5.274,5.151,5.061,330557.37,358354.52,258879.61
2018-01-25,5.35,5.36,5.25,5.24,298049.0,-0.12,-2.23,5.284,5.125,5.044,429608.33,346778.98,257563.71
2018-01-24,5.29,5.39,5.37,5.23,484196.53,0.09,1.71,5.248,5.095,5.024,420351.86,327191.32,248855.92
2018-01-23,5.25,5.31,5.28,5.23,264629.81,0.04,0.76,5.184,5.053,4.999,430751.13,297637.66,229694.55
2018-01-22,5.25,5.31,5.24,5.2,363372.69,-0.04,-0.76,5.11,5.026,4.977,414626.4,284012.4,223405.56
2018-01-19,5.06,5.38,5.28,5.05,737793.62,0.21,4.14,5.028,5.007,4.958,386151.66,274605.02,210952.36
2018-01-18,5.03,5.13,5.07,5.02,251766.66,0.02,0.4,4.966,4.978,4.94,263949.64,218914.76,184424.43
2018-01-17,4.91,5.15,5.05,4.91,536192.88,0.14,2.85,4.942,4.967,4.934,234030.77,206931.17,180093.0
2018-01-16,4.82,4.91,4.91,4.8,184006.16,0.08,1.66,4.922,4.961,4.934,164524.19,173753.96,159102.67
2018-01-15,4.96,4.97,4.83,4.82,220999.0,-0.14,-2.82,4.942,4.964,4.94,153398.4,171270.66,155796.36
2018-01-12,4.96,5.02,4.97,4.94,126783.48,0.02,0.4,4.986,4.971,4.952,163058.37,159404.7,149315.02
2018-01-11,4.94,4.97,4.95,4.92,102172.34,0.0,0.0,4.99,4.963,4.958,173879.88,168348.43,149455.52
2018-01-10,4.99,5.02,4.95,4.94,188659.95,-0.06,-1.2,4.992,4.953,4.968,179831.56,170520.53,148907.94
2018-01-09,5.04,5.05,5.01,5.0,128377.25,-0.04,-0.79,5.0,4.945,4.978,182983.73,161751.44,144348.09
2018-01-08,4.99,5.09,5.05,4.95,269298.84,0.06,1.2,4.986,4.927,4.987,189142.91,162798.71,146097.33
2018-01-05,4.96,5.01,4.99,4.96,180891.0,0.03,0.6,4.956,4.909,4.995,155751.03,147299.7,139338.49
2018-01-04,4.99,4.99,4.96,4.95,131930.77,-0.03,-0.6,4.936,4.902,5.005,162816.98,149934.11,137434.67
2018-01-03,4.94,5.03,4.99,4.92,204420.77,0.05,1.01,4.914,4.901,5.022,161209.5,153254.83,138685.0
2018-01-02,4.91,4.96,4.94,4.9,159173.19,0.04,0.82,4.89,4.907,5.036,140519.15,144451.39,146239.42
2017-12-29,4.89,4.92,4.9,4.88,102339.44,0.01,0.2,4.868,4.915,5.051,136454.51,140322.06,145680.81
2017-12-28,4.85,4.99,4.89,4.83,216220.72,0.04,0.82,4.862,4.932,5.068,138848.36,139225.34,144361.42
2017-12-27,4.87,4.91,4.85,4.84,123893.38,-0.02,-0.41,4.868,4.952,5.085,137051.24,130562.62,140204.66
2017-12-26,4.84,4.87,4.87,4.82,100969.0,0.04,0.83,4.888,4.983,5.106,145300.16,127295.34,140072.16
2017-12-25,4.88,4.9,4.83,4.82,138850.0,-0.04,-0.82,4.924,5.01,5.126,148383.62,126944.75,139949.21
2017-12-22,4.94,4.94,4.87,4.86,114308.69,-0.05,-1.02,4.962,5.047,5.147,144189.6,129395.94,141495.82
2017-12-21,4.95,4.97,4.92,4.88,207235.12,-0.03,-0.61,5.002,5.08,5.166,139602.32,131377.27,146943.29
2017-12-20,5.04,5.05,4.95,4.94,165138.0,-0.1,-1.98,5.036,5.108,5.179,124074.0,124935.23,145726.17
2017-12-19,5.02,5.07,5.05,5.02,116386.31,0.03,0.6,5.078,5.142,5.194,109290.52,124115.17,148921.87
2017-12-18,5.07,5.1,5.02,5.02,117879.9,-0.05,-0.99,5.096,5.164,5.208,105505.88,148027.46,158926.8
2017-12-15,5.09,5.1,5.07,5.06,91372.28,-0.02,-0.39,5.132,5.187,5.217,114602.28,151039.57,162567.42
2017-12-14,5.16,5.16,5.09,5.08,129593.51,-0.07,-1.36,5.158,5.203,5.227,123152.23,149497.51,171030.05
2017-12-13,5.15,5.16,5.16,5.12,91220.6,0.02,0.39,5.18,5.217,5.236,125796.45,149846.71,173250.69
2017-12-12,5.2,5.21,5.14,5.14,97463.09,-0.06,-1.15,5.206,5.229,5.246,138939.82,152848.98,179075.15
2017-12-11,5.2,5.2,5.2,5.16,163361.91,0.0,0.0,5.232,5.242,5.26,190549.04,152953.66,183182.12
2017-12-08,5.21,5.23,5.2,5.19,134122.02,0.0,0.0,5.242,5.246,5.276,187476.86,153595.69,183412.61
2017-12-07,5.26,5.27,5.2,5.2,142814.64,-0.09,-1.7,5.248,5.251,5.292,175842.79,162509.3,184803.44
2017-12-06,5.26,5.29,5.29,5.22,156937.44,0.02,0.38,5.254,5.249,5.308,173896.96,166517.11,183697.17
2017-12-05,5.23,5.32,5.27,5.19,355509.19,0.02,0.38,5.252,5.246,5.32,166758.14,173728.57,190236.83
2017-12-04,5.22,5.28,5.25,5.22,148001.03,0.02,0.38,5.252,5.252,5.329,115358.28,169826.15,181547.3
2017-12-01,5.22,5.25,5.23,5.22,75951.66,0.0,0.0,5.25,5.247,5.338,119714.52,174095.26,179896.5
2017-11-30,5.27,5.32,5.23,5.21,133085.47,-0.05,-0.95,5.254,5.25,5.348,149175.81,192562.59,182921.03
2017-11-29,5.26,5.3,5.28,5.21,121243.37,0.01,0.19,5.244,5.255,5.362,159137.26,196654.68,186334.59
2017-11-28,5.23,5.27,5.27,5.21,98509.89,0.03,0.57,5.24,5.263,5.371,180699.0,205301.31,187141.08
2017-11-27,5.22,5.28,5.24,5.18,169782.2,-0.01,-0.19,5.252,5.278,5.382,224294.01,213410.58,191131.25
2017-11-24,5.13,5.25,5.25,5.13,223258.12,0.07,1.35,5.244,5.305,5.395,228476.0,213229.52,195283.24
2017-11-23,5.25,5.31,5.18,5.16,182892.72,-0.08,-1.52,5.246,5.333,5.415,235949.36,207097.58,189765.4
2017-11-22,5.31,5.36,5.26,5.23,229052.05,-0.07,-1.31,5.266,5.367,5.443,234172.11,200877.23,187275.87
2017-11-21,5.2,5.43,5.33,5.18,316484.97,0.13,2.5,5.286,5.393,5.465,229903.62,206745.1,179903.79
2017-11-20,5.24,5.24,5.2,5.12,190692.16,-0.06,-1.14,5.304,5.406,5.483,202527.14,193268.44,173638.96
2017-11-17,5.27,5.29,5.26,5.21,260624.92,-0.02,-0.38,5.366,5.429,5.504,197983.04,185697.74,168179.64
2017-11-16,5.35,5.36,5.28,5.27,174006.44,-0.08,-1.49,5.42,5.446,5.522,178245.79,173279.47,160133.17
2017-11-15,5.42,5.44,5.36,5.34,207709.62,-0.06,-1.11,5.468,5.469,5.537,167582.34,176014.5,163330.56
2017-11-14,5.5,5.51,5.42,5.42,179602.56,-0.09,-1.63,5.5,5.479,5.554,183586.57,168980.86,161169.46
2017-11-13,5.53,5.58,5.51,5.5,167971.66,-0.02,-0.36,5.508,5.485,5.572,184009.75,168851.93,160017.14
2017-11-10,5.52,5.55,5.53,5.47,161938.67,0.01,0.18,5.492,5.484,5.587,173412.44,177336.95,161755.42
2017-11-09,5.52,5.55,5.52,5.5,120689.21,0.0,0.0,5.472,5.497,5.605,168313.14,172433.22,160377.32
2017-11-08,5.44,5.62,5.52,5.42,287730.75,0.06,1.1,5.47,5.518,5.623,184446.65,173674.52,160612.21
2017-11-07,5.41,5.5,5.46,5.41,181718.44,0.03,0.55,5.458,5.536,5.643,154375.14,153062.49,152539.57
2017-11-06,5.43,5.44,5.43,5.37,114985.12,0.0,0.0,5.462,5.56,5.668,153694.11,154009.47,153532.07
2017-11-03,5.49,5.5,5.43,5.4,136442.19,-0.08,-1.45,5.476,5.578,5.693,181261.46,150661.54,160308.74
2017-11-02,5.45,5.52,5.51,5.39,201356.77,0.05,0.92,5.522,5.597,5.716,176553.3,146986.88,162260.36
2017-11-01,5.48,5.51,5.46,5.45,137373.19,-0.02,-0.36,5.566,5.604,5.731,162902.39,150646.62,158522.51
2017-10-31,5.52,5.52,5.48,5.43,178313.28,-0.02,-0.36,5.614,5.629,5.751,151749.83,153358.07,157516.34
2017-10-30,5.63,5.66,5.5,5.46,252821.88,-0.16,-2.83,5.658,5.658,5.769,154324.83,151182.34,153933.96
2017-10-27,5.74,5.74,5.66,5.65,112901.38,-0.07,-1.22,5.68,5.689,5.785,120061.62,146173.9,150618.38
2017-10-26,5.7,5.8,5.73,5.68,133102.23,0.03,0.53,5.672,5.712,5.798,117420.46,148321.41,157332.01
2017-10-25,5.71,5.72,5.7,5.68,81610.37,0.0,0.0,5.642,5.728,5.811,138390.85,147549.91,160156.44
2017-10-24,5.61,5.72,5.7,5.61,191188.31,0.09,1.6,5.644,5.75,5.828,154966.31,152016.66,164924.88
2017-10-23,5.63,5.63,5.61,5.6,81505.79,-0.01,-0.18,5.658,5.776,5.844,148039.85,153054.67,167954.32
2017-10-20,5.59,5.63,5.62,5.56,99695.6,0.04,0.72,5.698,5.808,5.868,172286.18,169955.94,189307.21
2017-10-19,5.71,5.72,5.58,5.56,237954.2,-0.13,-2.28,5.752,5.834,5.89,179222.37,177533.84,196668.38
2017-10-18,5.78,5.8,5.71,5.71,164487.64,-0.06,-1.04,5.814,5.858,5.916,156708.96,166398.4,195208.86
2017-10-17,5.82,5.83,5.77,5.76,156556.02,-0.04,-0.69,5.856,5.873,5.936,149067.02,161674.6,195703.25
2017-10-16,5.88,5.91,5.81,5.81,202737.44,-0.08,-1.36,5.894,5.88,5.954,158069.48,156685.58,205038.64
2017-10-13,5.89,5.91,5.89,5.86,134376.53,0.0,0.0,5.918,5.881,5.969,167625.71,155062.87,206088.74
2017-10-12,5.93,5.95,5.89,5.88,125387.15,-0.03,-0.51,5.916,5.884,5.979,175845.32,166342.6,221598.69
2017-10-11,5.96,5.96,5.92,5.92,126277.94,-0.04,-0.67,5.902,5.894,5.992,176087.85,172762.98,233398.34
2017-10-10,5.93,5.96,5.96,5.89,201568.36,0.03,0.51,5.89,5.906,6.008,174282.19,177833.1,238709.0
2017-10-09,5.99,6.05,5.93,5.92,250518.56,0.05,0.85,5.866,5.912,6.024,155301.68,182853.96,255366.19
2017-09-29,5.83,5.91,5.88,5.83,175474.59,0.06,1.03,5.844,5.927,6.04,142500.03,208658.47,260925.62
2017-09-28,5.86,5.87,5.82,5.81,126599.81,-0.04,-0.68,5.852,5.945,6.059,156839.88,215802.92,277208.87
2017-09-27,5.85,5.89,5.86,5.84,117249.62,0.02,0.34,5.886,5.973,6.079,169438.11,224019.32,291305.17
2017-09-26,5.82,5.86,5.84,5.81,106665.8,0.02,0.34,5.922,5.998,6.095,181384.01,229731.89,322692.45
2017-09-25,5.92,5.92,5.82,5.81,186510.31,-0.1,-1.69,5.958,6.027,6.112,210406.25,253391.7,349823.12
2017-09-22,5.97,5.99,5.92,5.9,247173.88,-0.07,-1.17,6.01,6.056,6.135,274816.91,257114.62,397042.86
2017-09-21,6.02,6.07,5.99,5.99,189590.95,-0.05,-0.83,6.038,6.073,6.141,274765.96,276854.77,406256.72
2017-09-20,6.02,6.05,6.04,5.98,176979.12,0.02,0.33,6.06,6.09,6.137,278600.52,294033.71,410270.71
2017-09-19,6.09,6.1,6.02,6.01,251777.0,-0.06,-0.99,6.074,6.11,6.138,278079.77,299584.91,420412.28
2017-09-18,6.08,6.12,6.08,6.06,508563.59,0.02,0.33,6.096,6.136,6.138,296377.14,327878.42,420751.84
2017-09-15,6.1,6.13,6.06,6.06,246919.12,-0.04,-0.66,6.102,6.153,6.138,239412.33,313192.77,407820.31
2017-09-14,6.12,6.17,6.1,6.08,208763.77,-0.01,-0.16,6.108,6.172,6.14,278943.59,338614.81,409533.89
2017-09-13,6.14,6.15,6.11,6.09,174375.38,-0.02,-0.33,6.12,6.184,6.143,309466.89,358591.02,426082.87
2017-09-12,6.12,6.2,6.13,6.11,343263.84,0.02,0.33,6.146,6.191,6.145,321090.05,415653.0,446004.44
2017-09-11,6.1,6.14,6.11,6.07,223739.56,0.02,0.33,6.176,6.196,6.143,359379.69,446254.54,446923.43
2017-09-08,6.16,6.21,6.09,6.04,444575.41,-0.07,-1.14,6.204,6.214,6.144,386973.2,536971.1,486805.6
2017-09-07,6.26,6.29,6.16,6.15,361380.28,-0.08,-1.28,6.236,6.208,6.131,398286.03,535658.67,491289.23
2017-09-06,6.25,6.28,6.24,6.2,232491.14,-0.04,-0.64,6.248,6.184,6.126,407715.15,526507.71,492627.82
2017-09-05,6.25,6.34,6.28,6.2,534712.06,0.03,0.48,6.236,6.165,6.116,510215.96,541239.66,502901.2
2017-09-04,6.22,6.25,6.25,6.17,361707.12,0.0,0.0,6.216,6.139,6.109,533129.39,513625.27,509683.93
2017-09-01,6.23,6.3,6.25,6.19,501139.56,0.03,0.48,6.224,6.123,6.101,686968.99,502447.84,524673.8
2017-08-31,6.18,6.25,6.22,6.16,408525.88,0.04,0.65,6.18,6.107,6.089,673031.3,480452.97,558519.04
2017-08-30,6.17,6.33,6.18,6.16,744995.19,0.0,0.0,6.12,6.102,6.076,645300.27,493574.72,580576.51
2017-08-29,6.23,6.29,6.18,6.15,649279.19,-0.11,-1.75,6.094,6.098,6.058,572263.35,476355.88,586578.28
2017-08-28,6.06,6.38,6.29,6.05,1130905.12,0.26,4.31,6.062,6.089,6.038,494121.15,447592.32,583979.54
2017-08-25,5.92,6.08,6.03,5.92,431451.12,0.11,1.86,6.022,6.073,6.01,317926.7,436640.11,569596.65
2017-08-24,6.03,6.05,5.92,5.92,269870.72,-0.13,-2.15,6.034,6.054,6.0,287874.64,446919.8,562590.12
2017-08-23,6.04,6.15,6.05,5.95,379810.62,0.03,0.5,6.084,6.067,5.997,341849.17,458747.92,580275.74
2017-08-22,6.09,6.1,6.02,6.0,258568.19,-0.07,-1.15,6.102,6.067,5.984,380448.41,464562.75,582763.63
2017-08-21,6.09,6.11,6.09,6.04,249932.84,0.0,0.0,6.116,6.079,5.968,401063.48,505742.58,587272.15
2017-08-18,6.13,6.15,6.09,6.06,281190.81,-0.08,-1.3,6.124,6.078,5.953,555353.52,546899.75,592206.11
2017-08-17,6.13,6.23,6.17,6.12,539743.38,0.03,0.49,6.074,6.07,5.937,605964.96,636585.11,595921.45
2017-08-16,6.08,6.19,6.14,6.04,572806.81,0.05,0.82,6.05,6.049,5.92,575646.68,667578.3,599868.52
2017-08-15,6.11,6.15,6.09,6.05,361643.56,-0.04,-0.65,6.032,6.017,5.905,548677.09,696800.67,624944.31
2017-08-14,5.85,6.16,6.13,5.84,1021383.06,0.29,4.97,6.042,5.987,5.872,610421.68,720366.77,620689.15
2017-08-11,6.0,6.06,5.84,5.78,534248.0,-0.21,-3.47,6.032,5.946,5.837,538445.98,702553.18,595178.55
2017-08-10,6.03,6.15,6.05,6.01,388151.97,0.0,0.0,6.066,5.945,5.829,667205.26,678260.44,583256.97
2017-08-09,6.1,6.12,6.05,6.01,437958.88,-0.09,-1.47,6.048,5.926,5.811,759509.91,701803.56,590354.05
2017-08-08,6.1,6.16,6.14,5.98,670366.5,0.06,0.99,6.002,5.9,5.787,844924.25,700964.52,584198.31
2017-08-07,5.98,6.12,6.08,5.96,661504.56,0.07,1.17,5.932,5.857,5.76,830311.85,668801.72,573710.63
2017-08-04,5.94,6.18,6.01,5.89,1178044.38,0.05,0.84,5.86,5.828,5.738,866660.38,637512.48,579659.4
2017-08-03,5.79,5.98,5.96,5.78,849675.25,0.14,2.4,5.824,5.804,5.716,689315.61,555257.8,542261.82
2017-08-02,5.79,5.91,5.82,5.74,865030.56,0.03,0.52,5.804,5.79,5.691,644097.2,532158.74,510084.37
2017-08-01,5.72,5.86,5.79,5.7,597304.5,0.07,1.22,5.798,5.792,5.674,557004.78,553087.96,477450.61
2017-07-31,5.71,5.78,5.72,5.63,843247.19,-0.11,-1.89,5.782,5.756,5.656,507291.59,521011.54,459454.02
2017-07-28,5.82,5.87,5.83,5.8,291320.56,-0.03,-0.51,5.796,5.728,5.645,408364.57,487803.93,425919.01
2017-07-27,5.78,5.88,5.86,5.68,623583.19,0.07,1.21,5.784,5.712,5.628,421199.99,488253.5,418886.82
2017-07-26,5.7,5.81,5.79,5.69,429568.47,0.08,1.4,5.776,5.695,5.61,420220.27,478904.54,399916.62
2017-07-25,5.77,5.8,5.71,5.68,348738.56,-0.08,-1.38,5.786,5.674,5.597,549171.13,467432.11,387250.05
2017-07-24,5.76,5.86,5.79,5.76,348612.09,0.02,0.35,5.73,5.662,5.59,534731.48,478619.54,377991.0
2017-07-21,5.78,5.87,5.77,5.74,355497.62,-0.05,-0.86,5.66,5.647,5.58,567243.28,521806.33,373676.76
2017-07-20,5.82,5.9,5.82,5.77,618684.62,-0.02,-0.34,5.64,5.628,5.568,555307.01,529265.84,369951.0
2017-07-19,5.42,5.86,5.84,5.38,1074322.75,0.41,7.55,5.614,5.592,5.553,537588.81,488010.0,361764.45
2017-07-18,5.43,5.49,5.43,5.36,276540.31,-0.01,-0.18,5.562,5.556,5.537,385693.08,401813.26,321130.7
2017-07-17,5.66,5.69,5.44,5.42,511171.12,-0.23,-4.06,5.594,5.556,5.542,422507.6,397896.51,322554.97
2017-07-14,5.7,5.74,5.67,5.63,295816.25,-0.02,-0.35,5.634,5.561,5.549,476369.37,364034.09,312589.75
2017-07-13,5.57,5.69,5.69,5.56,530093.62,0.11,1.97,5.616,5.544,5.539,503224.67,349520.15,308838.48
2017-07-12,5.59,5.64,5.58,5.53,314844.12,-0.01,-0.18,5.57,5.525,5.529,438431.18,320928.7,296905.34
2017-07-11,5.62,5.68,5.59,5.58,460612.88,-0.05,-0.89,5.55,5.52,5.523,417933.43,307067.99,304134.02
2017-07-10,5.57,5.74,5.64,5.54,780480.0,0.06,1.07,5.518,5.518,5.512,373285.42,277362.45,288847.52
2017-07-07,5.45,5.59,5.58,5.43,430092.72,0.12,2.2,5.488,5.513,5.496,251698.81,225547.19,257794.7
2017-07-06,5.46,5.49,5.46,5.43,206126.2,-0.02,-0.36,5.472,5.507,5.486,195815.63,210636.16,247252.75
2017-07-05,5.43,5.48,5.48,5.41,212355.36,0.05,0.92,5.48,5.513,5.488,203426.22,235518.9,249878.08
2017-07-04,5.48,5.49,5.43,5.42,237372.84,-0.06,-1.09,5.49,5.518,5.489,196202.55,240448.15,255437.35
2017-07-03,5.51,5.52,5.49,5.46,172546.92,-0.01,-0.18,5.518,5.527,5.489,181439.48,247213.42,251821.22
2017-06-30,5.48,5.52,5.5,5.46,150676.83,0.0,0.0,5.538,5.536,5.484,199395.57,261145.41,253320.35
2017-06-29,5.53,5.56,5.5,5.48,244179.16,-0.03,-0.54,5.542,5.534,5.478,225456.68,268156.82,257978.32
2017-06-28,5.56,5.57,5.53,5.52,176237.0,-0.04,-0.72,5.546,5.533,5.47,267611.58,272881.98,260978.51
2017-06-27,5.58,5.61,5.57,5.54,163557.5,-0.02,-0.36,5.546,5.526,5.463,284693.75,301200.05,277332.67
2017-06-26,5.52,5.6,5.59,5.5,262327.38,0.07,1.27,5.536,5.506,5.449,312987.36,300332.58,269154.84
2017-06-23,5.51,5.54,5.52,5.42,280982.38,0.0,0.0,5.534,5.479,5.433,322895.25,290042.22,276492.58
2017-06-22,5.52,5.65,5.52,5.5,454953.62,-0.01,-0.18,5.526,5.465,5.426,310856.95,283869.34,291975.57
2017-06-21,5.58,5.59,5.53,5.49,261647.88,0.01,0.18,5.52,5.462,5.406,278152.38,264237.27,282488.01
2017-06-20,5.6,5.63,5.52,5.48,305025.53,-0.06,-1.07,5.506,5.459,5.385,317706.34,270426.55,291424.57
2017-06-19,5.49,5.6,5.58,5.48,311866.84,0.1,1.82,5.476,5.451,5.365,287677.8,256429.03,321615.86
2017-06-16,5.49,5.54,5.48,5.47,220790.88,-0.01,-0.18,5.424,5.432,5.356,257189.18,245495.29,315654.17
2017-06-15,5.42,5.53,5.49,5.42,291430.75,0.03,0.55,5.404,5.422,5.352,256881.74,247799.82,317570.15
2017-06-14,5.41,5.55,5.46,5.39,459417.69,0.09,1.68,5.404,5.407,5.352,250322.16,249075.05,323392.68
2017-06-13,5.31,5.41,5.37,5.3,154882.84,0.05,0.94,5.412,5.4,5.351,223146.77,253465.29,314605.19
2017-06-12,5.38,5.38,5.32,5.31,159423.75,-0.06,-1.11,5.426,5.391,5.351,225180.25,237977.11,321200.99
2017-06-09,5.42,5.43,5.38,5.35,219253.66,-0.01,-0.19,5.44,5.387,5.352,233801.39,262942.94,330904.85
2017-06-08,5.5,5.52,5.49,5.46,258632.84,-0.01,-0.18,5.44,5.386,5.349,238717.9,300081.79,340664.5
2017-06-07,5.42,5.51,5.5,5.41,323540.75,0.06,1.1,5.41,5.35,5.34,247827.95,300738.74,342131.45
2017-06-06,5.38,5.44,5.44,5.37,165050.27,0.05,0.93,5.388,5.311,5.335,283783.82,312422.59,339684.77
2017-06-05,5.4,5.42,5.39,5.36,202529.44,0.01,0.19,5.356,5.279,5.329,250773.96,386802.7,358835.36
2017-06-02,5.34,5.4,5.38,5.25,243836.2,0.04,0.75,5.334,5.279,5.334,292084.48,385813.05,383488.55
2017-06-01,5.37,5.44,5.34,5.34,304183.09,-0.05,-0.93,5.332,5.281,5.351,361445.68,387340.48,386386.23
2017-05-31,5.38,5.55,5.39,5.34,503320.09,0.11,2.08,5.29,5.297,5.375,353649.54,397710.31,381225.11
2017-05-30,5.28,5.28,5.28,5.28,1.0,0.0,0.0,5.234,5.302,5.399,341061.36,375745.09,366336.49
2017-05-26,5.34,5.4,5.28,5.27,409082.03,-0.09,-1.68,5.202,5.31,5.432,522831.43,404424.87,376600.81
2017-05-25,5.11,5.44,5.37,5.1,590642.19,0.24,4.68,5.224,5.317,5.464,479541.61,398866.77,371713.63
2017-05-24,5.08,5.14,5.13,5.06,265202.38,0.02,0.39,5.23,5.311,5.493,413235.28,381247.2,357626.99
2017-05-23,5.08,5.12,5.11,5.02,440379.19,-0.01,-0.2,5.304,5.33,5.533,441771.08,383524.16,357945.4
2017-05-22,5.15,5.22,5.12,5.06,908851.38,-0.27,-5.01,5.37,5.358,5.579,410428.82,366946.96,351258.97
2017-05-19,5.4,5.44,5.39,5.36,192632.92,-0.01,-0.18,5.418,5.378,5.629,286018.31,330868.03,316360.28
2017-05-18,5.45,5.49,5.4,5.4,259110.52,-0.1,-1.82,5.41,5.389,5.663,318191.92,381164.05,318599.13
2017-05-17,5.43,5.69,5.5,5.41,407881.38,0.06,1.1,5.392,5.42,5.699,349259.13,385431.98,323927.77
2017-05-16,5.34,5.44,5.44,5.3,283667.91,0.08,1.49,5.356,5.452,5.736,325277.24,364739.9,312504.85
2017-05-15,5.35,5.45,5.36,5.32,286798.81,0.01,0.19,5.346,5.495,5.778,323465.09,356927.89,312963.19
2017-05-12,5.27,5.43,5.35,5.25,353501.0,0.04,0.75,5.338,5.553,5.826,375717.74,348776.76,314956.71
2017-05-11,5.3,5.32,5.31,5.14,414446.53,-0.01,-0.19,5.368,5.611,5.879,444136.18,344560.49,309196.02
2017-05-10,5.39,5.41,5.32,5.32,287971.97,-0.07,-1.3,5.448,5.675,5.934,421604.83,334006.78,315700.23
2017-05-09,5.33,5.42,5.39,5.31,274607.16,0.07,1.32,5.548,5.736,5.989,404202.56,332366.64,322026.81
2017-05-08,5.41,5.46,5.32,5.31,548062.06,-0.18,-3.27,5.644,5.799,6.038,390390.68,335570.99,327161.21
2017-05-05,5.65,5.69,5.5,5.49,695593.19,-0.21,-3.68,5.768,5.879,6.095,321835.77,301852.53,316398.63
2017-05-04,5.83,5.83,5.71,5.71,301789.75,-0.11,-1.89,5.854,5.936,6.144,244984.79,256034.21,297259.06
2017-05-03,5.89,5.9,5.82,5.8,200960.64,-0.05,-0.85,5.902,5.978,6.184,246408.73,262423.56,301826.63
2017-05-02,5.93,5.93,5.87,5.86,205547.77,-0.07,-1.18,5.924,6.019,6.213,260530.72,260269.8,301729.68
2017-04-28,5.91,5.94,5.94,5.89,205287.48,0.01,0.17,5.954,6.06,6.237,280751.29,268998.5,308957.54
2017-04-27,5.94,5.95,5.93,5.84,311338.31,-0.02,-0.34,5.99,6.098,6.263,281869.3,281136.66,315070.72
2017-04-26,5.95,6.02,5.95,5.91,308909.47,0.02,0.34,6.018,6.146,6.292,267083.64,273831.55,309557.02
2017-04-25,6.04,6.05,5.93,5.91,271570.56,-0.09,-1.5,6.054,6.193,6.322,278438.39,297393.69,310587.04
2017-04-24,6.11,6.11,6.02,5.91,306650.62,-0.1,-1.63,6.114,6.242,6.356,260008.88,311686.99,319441.5
2017-04-21,6.08,6.14,6.12,6.07,210877.55,0.05,0.82,6.166,6.277,6.381,257245.71,318751.44,317297.44
2017-04-20,6.11,6.15,6.07,6.03,237409.98,-0.06,-0.98,6.206,6.311,6.4,280404.02,330944.73,322712.08
2017-04-19,6.2,6.24,6.13,6.07,365683.25,-0.1,-1.6,6.274,6.352,6.425,280579.47,338483.91,324960.1
2017-04-18,6.27,6.31,6.23,6.23,179423.0,-0.05,-0.8,6.332,6.39,6.45,316348.98,341229.7,321082.43
2017-04-17,6.31,6.32,6.28,6.25,292834.75,-0.04,-0.63,6.37,6.406,6.469,363365.09,343189.56,337720.07
2017-04-14,6.41,6.41,6.32,6.31,326669.12,-0.09,-1.4,6.388,6.414,6.495,380257.17,348916.58,361866.86
2017-04-13,6.4,6.44,6.41,6.39,238287.23,-0.01,-0.16,6.416,6.428,6.507,381485.43,349004.79,354988.91
2017-04-12,6.42,6.5,6.42,6.38,544530.81,0.0,0.0,6.43,6.438,6.516,396388.35,345282.49,354789.14
2017-04-11,6.38,6.43,6.42,6.3,414503.56,0.05,0.79,6.448,6.451,6.526,366110.41,323780.39,342492.93
2017-04-10,6.46,6.47,6.37,6.36,377295.12,-0.09,-1.39,6.442,6.469,6.533,323014.03,327196.01,333605.68
2017-04-07,6.47,6.49,6.46,6.44,332810.44,-0.02,-0.31,6.44,6.484,6.544,317576.0,315843.43,336029.07
2017-04-06,6.5,6.51,6.48,6.46,312801.81,-0.03,-0.46,6.44,6.488,6.557,316524.14,314479.44,331401.16
2017-04-05,6.39,6.52,6.51,6.38,393141.12,0.12,1.88,6.446,6.498,6.571,294176.62,311436.29,331796.62
2017-03-31,6.38,6.41,6.39,6.37,199021.64,0.03,0.47,6.454,6.509,6.586,281450.38,300935.17,325599.59
2017-03-30,6.45,6.48,6.36,6.35,350104.97,-0.1,-1.55,6.496,6.532,6.604,331378.0,332250.58,331117.55
2017-03-29,6.51,6.53,6.46,6.46,327551.16,-0.05,-0.77,6.528,6.575,6.626,314110.87,374817.14,334338.88
2017-03-28,6.56,6.57,6.51,6.51,201064.23,-0.04,-0.61,6.536,6.586,6.641,312434.73,360973.04,332999.2
2017-03-27,6.58,6.62,6.55,6.54,329509.88,-0.05,-0.76,6.55,6.593,6.655,328695.96,364295.78,334315.19
2017-03-24,6.52,6.63,6.6,6.47,448659.75,0.08,1.23,6.564,6.6,6.665,320419.96,361205.47,334065.4
2017-03-23,6.52,6.58,6.52,6.45,263769.34,0.02,0.31,6.568,6.597,6.678,333123.16,340015.35,323639.06
2017-03-22,6.54,6.58,6.5,6.49,319170.47,-0.08,-1.22,6.622,6.604,6.694,435523.4,356214.71,326953.07
2017-03-21,6.62,6.64,6.58,6.56,282370.38,-0.04,-0.6,6.636,6.626,6.715,409511.34,348322.88,329460.4
2017-03-20,6.62,6.65,6.62,6.56,288129.88,0.0,0.0,6.636,6.644,6.732,399895.6,352156.95,339843.85
2017-03-17,6.82,6.84,6.62,6.61,512175.72,-0.17,-2.5,6.636,6.663,6.748,401990.98,350264.02,355065.44
2017-03-16,6.59,6.79,6.79,6.58,775770.56,0.22,3.35,6.626,6.675,6.76,346907.54,329984.52,398575.23
2017-03-15,6.57,6.61,6.57,6.55,189110.14,-0.01,-0.15,6.586,6.676,6.756,276906.02,293860.62,382565.66
2017-03-14,6.62,6.65,6.58,6.57,234291.72,-0.04,-0.6,6.616,6.696,6.758,287134.42,305025.36,393820.09
2017-03-13,6.55,6.62,6.62,6.5,298606.75,0.05,0.76,6.652,6.716,6.764,304418.29,304334.6,395831.44
2017-03-10,6.59,6.62,6.57,6.55,236758.52,-0.02,-0.3,6.69,6.729,6.768,298537.06,306925.32,404353.22
2017-03-09,6.71,6.73,6.59,6.57,425762.97,-0.13,-1.94,6.724,6.758,6.772,313061.5,307262.76,415207.11
2017-03-08,6.77,6.78,6.72,6.7,240252.16,-0.04,-0.59,6.766,6.784,6.773,310815.21,297691.43,416512.86
2017-03-07,6.79,6.82,6.76,6.73,320711.03,-0.05,-0.73,6.776,6.804,6.769,322916.29,310597.92,431935.19
2017-03-06,6.75,6.82,6.81,6.72,269200.62,0.07,1.04,6.78,6.82,6.755,304250.91,327530.76,429758.46
2017-03-03,6.79,6.81,6.74,6.72,309380.72,-0.06,-0.88,6.768,6.833,6.74,315313.58,359866.87,435782.74
2017-03-02,6.8,6.95,6.8,6.79,414531.53,0.03,0.44,6.792,6.844,6.727,301464.03,467165.95,431968.87
2017-03-01,6.76,6.84,6.77,6.76,300757.56,-0.01,-0.15,6.802,6.835,6.713,284567.64,471270.71,411247.19
2017-02-28,6.75,6.81,6.78,6.73,227384.12,0.03,0.44,6.832,6.82,6.699,298279.55,482614.83,412715.96
2017-02-27,6.85,6.86,6.75,6.74,324513.97,-0.11,-1.6,6.86,6.811,6.685,350810.61,487328.28,420515.96
2017-02-24,6.85,6.89,6.86,6.81,240132.95,0.01,0.15,6.898,6.806,6.672,404420.16,501781.12,436363.22
2017-02-23,6.92,6.94,6.85,6.82,330049.62,-0.07,-1.01,6.896,6.785,6.65,632867.87,523151.46,475854.4
2017-02-22,6.92,6.94,6.92,6.85,369317.09,0.0,0.0,6.868,6.762,6.629,657973.78,535334.29,579548.06
2017-02-21,6.97,7.08,6.92,6.9,490039.44,-0.02,-0.29,6.808,6.733,6.632,666950.11,553272.45,581655.55
2017-02-20,6.78,6.94,6.94,6.74,592561.69,0.09,1.31,6.762,6.689,6.64,623845.94,531986.16,576138.43
2017-02-17,6.74,7.18,6.85,6.73,1382371.5,0.14,2.09,6.714,6.646,6.647,599142.09,511698.62,585597.33
2017-02-16,6.61,6.75,6.71,6.6,455579.19,0.09,1.36,6.674,6.61,6.674,413435.05,396771.79,538613.41
2017-02-15,6.69,6.73,6.62,6.61,414198.72,-0.07,-1.05,6.656,6.591,6.706,412694.79,351223.67,533882.86
2017-02-14,6.7,6.75,6.69,6.67,274518.62,-0.01,-0.15,6.658,6.578,6.747,439594.8,342817.09,533499.83
2017-02-13,6.65,6.74,6.7,6.63,469042.41,0.05,0.75,6.616,6.558,6.78,440126.38,353703.64,542918.36
2017-02-10,6.63,6.69,6.65,6.59,453836.31,0.03,0.45,6.578,6.537,6.815,424255.15,370945.32,561089.3
2017-02-09,6.59,6.69,6.62,6.57,451877.91,-0.01,-0.15,6.546,6.515,6.867,380108.52,428557.34,576457.14
2017-02-08,6.48,6.67,6.63,6.46,548698.75,0.15,2.31,6.526,6.496,6.925,289752.54,623761.83,588795.37
2017-02-07,6.49,6.5,6.48,6.46,277176.5,-0.03,-0.46,6.498,6.53,6.981,246039.37,610038.65,605776.92
2017-02-06,6.47,6.51,6.51,6.45,389686.28,0.02,0.31,6.5,6.591,7.048,267280.9,620290.7,644279.41
2017-02-03,6.46,6.52,6.49,6.46,233103.16,0.0,0.0,6.496,6.648,7.116,317635.5,659496.05,681524.41
2017-02-02,6.49,6.52,6.52,6.49,98.0,0.03,0.46,6.484,6.737,7.186,477006.16,680455.03,713638.22
2017-01-26,6.5,6.52,6.49,6.47,330132.91,0.0,0.0,6.466,6.821,7.252,957771.11,716542.06,763189.18
2017-01-25,6.5,6.51,6.49,6.46,383384.16,0.0,0.0,6.562,6.916,7.317,974037.94,724182.57,788923.8
2017-01-24,6.46,6.53,6.49,6.44,641459.25,0.06,0.93,6.682,7.002,7.387,973300.49,732133.09,818041.41
2017-01-23,6.34,6.5,6.43,6.31,1029956.5,0.0,0.0,6.8,7.093,7.45,1001356.6,751233.27,826480.34
2017-01-20,6.27,6.54,6.43,6.27,2403922.75,-0.54,-7.75,6.99,7.218,7.517,883903.89,724356.94,823575.87
2016-12-14,7.08,7.12,6.97,6.97,411467.03,-0.12,-1.69,7.176,7.354,7.592,475313.01,553828.92,764505.95
2016-12-13,7.08,7.13,7.09,7.04,379696.91,0.01,0.14,7.27,7.431,7.64,474327.21,601515.18,796126.68
2016-12-12,7.38,7.4,7.08,7.04,781739.81,-0.3,-4.07,7.322,7.505,7.686,490965.69,668268.12,830082.47
2016-12-09,7.36,7.44,7.38,7.34,442692.97,0.02,0.27,7.386,7.583,7.733,501109.95,703552.78,921147.09
2016-12-08,7.46,7.46,7.36,7.35,360968.31,-0.08,-1.07,7.446,7.635,7.757,564809.98,746821.4,1015678.59
2016-12-07,7.39,7.45,7.44,7.35,406538.03,0.09,1.22,7.532,7.683,7.764,632344.83,809836.3,1049015.97
2016-12-06,7.43,7.47,7.35,7.35,462889.31,-0.05,-0.68,7.592,7.718,7.761,728703.16,853665.04,1073341.04
2016-12-05,7.64,7.64,7.4,7.39,832461.12,-0.28,-3.65,7.688,7.771,7.765,845570.56,903949.74,1085913.44
2016-12-02,7.8,7.82,7.68,7.6,761193.12,-0.11,-1.41,7.78,7.807,7.764,905995.61,901727.4,1071393.0
2016-12-01,7.75,7.82,7.79,7.71,698642.56,0.05,0.65,7.824,7.816,7.748,928832.83,922794.81,1071322.26
2016-11-30,7.81,7.87,7.74,7.67,888329.69,-0.09,-1.15,7.834,7.829,7.728,987327.76,975182.98,1118216.12
2016-11-29,7.81,7.95,7.83,7.75,1047226.31,-0.03,-0.38,7.844,7.849,7.701,978626.91,990738.17,1106608.81
2016-11-28,8.0,8.04,7.86,7.85,1134586.38,-0.04,-0.51,7.854,7.867,7.67,962328.91,991896.81,1096013.4
2016-11-25,7.84,7.91,7.9,7.65,875379.19,0.06,0.77,7.834,7.882,7.636,897459.19,1138741.4,1057368.77
2016-11-24,7.78,8.0,7.84,7.76,991117.25,0.05,0.64,7.808,7.879,7.602,916756.79,1284535.78,1037139.48
2016-11-23,7.87,7.91,7.79,7.75,844825.44,-0.09,-1.14,7.824,7.844,7.57,963038.19,1288195.65,1010619.78
2016-11-22,7.8,7.95,7.88,7.78,965736.31,0.12,1.55,7.854,7.803,7.542,1002849.42,1293017.05,1024072.89
2016-11-21,7.72,7.88,7.76,7.72,810237.75,-0.01,-0.13,7.88,7.758,7.502,1021464.71,1267877.14,1005199.07
2016-11-18,7.83,7.88,7.77,7.71,971867.19,-0.15,-1.89,7.93,7.721,7.466,1380023.61,1241058.6,976586.04
2016-11-17,7.92,7.94,7.92,7.76,1222524.25,-0.02,-0.25,7.95,7.68,7.429,1652314.77,1219849.71,946609.48
2016-11-16,8.05,8.08,7.94,7.88,1043881.62,-0.07,-0.87,7.864,7.627,7.388,1613353.11,1261249.27,914323.81
2016-11-15,7.96,8.13,8.01,7.91,1058812.75,0.0,0.0,7.752,7.553,7.339,1583184.68,1222479.46,879053.1
2016-11-14,7.82,8.22,8.01,7.76,2603032.25,0.14,1.78,7.636,7.472,7.292,1514289.56,1200129.98,840070.12
2016-11-11,7.5,7.99,7.87,7.47,2333323.0,0.38,5.07,7.512,7.389,7.245,1102093.59,975996.14,725903.44
2016-11-10,7.5,7.58,7.49,7.45,1027715.94,0.11,1.49,7.41,7.324,7.205,787384.64,789743.18,620286.59
2016-11-09,7.45,7.5,7.38,7.26,893039.44,-0.05,-0.67,7.39,7.296,7.184,909145.43,733043.91,584257.09
2016-11-08,7.47,7.52,7.43,7.4,714337.19,0.04,0.54,7.354,7.28,7.169,861774.24,755128.74,558705.47
2016-11-07,7.36,7.44,7.39,7.32,542052.38,0.03,0.41,7.308,7.245,7.146,885970.39,742521.01,533671.26
2016-11-04,7.39,7.46,7.36,7.31,759778.25,-0.03,-0.41,7.266,7.21,7.125,849898.68,712113.48,525340.69
2016-11-03,7.18,7.56,7.39,7.15,1636519.88,0.19,2.64,7.238,7.177,7.101,792101.72,673369.25,497134.71
2016-11-02,7.24,7.37,7.2,7.19,656183.5,-0.07,-0.96,7.202,7.148,7.076,556942.39,567398.36,427152.34
2016-10-28,7.23,7.4,7.2,7.18,835317.94,0.02,0.28,7.206,7.124,7.056,648483.24,535626.75,409401.33
2016-10-27,7.21,7.23,7.18,7.14,361693.84,-0.04,-0.55,7.182,7.111,7.044,599071.63,480010.26,378221.58
2016-10-26,7.23,7.3,7.22,7.19,470793.44,0.01,0.14,7.154,7.101,7.034,574328.28,475810.75,375494.61
2016-10-25,7.21,7.27,7.21,7.17,460723.22,-0.01,-0.14,7.116,7.085,7.022,554636.78,450830.01,369813.13
2016-10-24,7.05,7.34,7.22,7.04,1113887.75,0.14,1.98,7.094,7.072,7.008,577854.33,435470.27,355476.44
2016-10-21,7.04,7.16,7.08,7.03,588259.88,0.04,0.57,7.042,7.058,6.993,422770.26,362282.21,310817.86
2016-10-20,7.05,7.07,7.04,7.03,237977.09,0.01,0.14,7.04,7.047,6.984,360948.9,324821.5,294777.54
2016-10-19,7.1,7.11,7.03,7.01,372335.97,-0.07,-0.99,7.048,7.04,6.98,377293.23,338567.9,296819.88
2016-10-18,6.93,7.12,7.1,6.93,576810.94,0.14,2.01,7.054,7.024,6.976,347023.23,320900.17,308743.09
2016-10-17,7.07,7.09,6.96,6.95,338467.41,-0.11,-1.56,7.05,7.003,6.981,293086.21,286906.31,299271.99
2016-10-14,7.08,7.1,7.07,7.02,279153.09,-0.01,-0.14,7.074,6.988,6.996,301794.15,283175.91,296582.08
2016-10-13,7.07,7.11,7.08,7.03,319698.72,0.02,0.28,7.054,6.977,7.007,288694.11,276432.9,307684.7
2016-10-12,7.05,7.09,7.06,7.03,220986.0,-0.02,-0.28,7.032,6.967,7.018,299842.57,275178.47,317951.43
2016-10-11,7.09,7.11,7.08,7.04,307125.84,0.0,0.0,6.994,6.959,7.028,294777.12,288796.25,332366.41
2016-10-10,7.0,7.09,7.08,6.99,382007.12,0.11,1.58,6.956,6.943,7.036,280726.42,275482.62,345678.3
2016-09-30,6.96,7.0,6.97,6.93,213652.86,0.0,0.0,6.902,6.928,7.041,264557.66,259353.51,358602.18
2016-09-29,6.87,7.04,6.97,6.87,375441.03,0.1,1.46,6.9,6.921,7.059,264171.7,264733.57,376011.38
2016-09-28,6.91,6.91,6.87,6.85,195658.73,-0.02,-0.29,6.902,6.919,7.074,250514.37,255071.85,388941.93
2016-09-27,6.82,6.9,6.89,6.81,236872.34,0.08,1.18,6.924,6.927,7.092,282815.38,296586.0,399567.19
2016-09-26,6.94,6.95,6.81,6.8,301163.34,-0.15,-2.15,6.93,6.958,7.111,270238.82,311637.67,406423.22
2016-09-23,6.99,7.02,6.96,6.95,211723.05,-0.02,-0.29,6.954,7.004,7.135,254149.35,309988.26,429071.96
2016-09-22,7.04,7.06,6.98,6.97,307154.41,0.0,0.0,6.942,7.036,7.151,265295.45,338936.5,444248.5
2016-09-21,6.92,7.05,6.98,6.9,357163.78,0.06,0.87,6.936,7.069,7.17,259629.33,360724.39,472001.75
2016-09-20,6.95,6.96,6.92,6.9,173989.52,-0.01,-0.14,6.93,7.097,7.181,310356.62,375936.56,488150.68
2016-09-19,6.91,6.96,6.93,6.91,220716.0,0.03,0.43,6.986,7.128,7.205,353036.52,415873.99,505198.68
2016-09-14,6.92,6.95,6.9,6.89,267453.53,-0.05,-0.72,7.054,7.154,7.23,365827.17,457850.86,528433.37
2016-09-13,6.97,7.01,6.95,6.9,278823.84,0.0,0.0,7.13,7.196,7.26,412577.56,487289.19,574929.41
2016-09-12,7.1,7.11,6.95,6.91,610800.19,-0.25,-3.47,7.202,7.229,7.283,461819.45,522812.0,611709.88
2016-09-09,7.26,7.3,7.2,7.19,387389.03,-0.07,-0.96,7.264,7.257,7.309,441516.51,502548.38,683999.65
2016-09-08,7.26,7.3,7.27,7.23,284669.25,-0.01,-0.14,7.27,7.263,7.304,478711.46,501208.78,699857.58
2016-09-07,7.3,7.34,7.28,7.26,501205.47,-0.03,-0.41,7.254,7.266,7.288,549874.56,548155.66,719265.03
2016-09-06,7.26,7.33,7.31,7.18,525033.31,0.05,0.69,7.262,7.266,7.272,562000.82,549560.51,720545.9
2016-09-05,7.26,7.35,7.26,7.22,509285.5,0.03,0.41,7.256,7.271,7.256,583804.55,583279.11,722141.91
2016-09-02,7.19,7.33,7.23,7.18,573363.75,0.04,0.56,7.25,7.264,7.239,563580.24,600364.8,722875.16
2016-09-01,7.31,7.35,7.19,7.19,640484.75,-0.13,-1.78,7.256,7.281,7.221,523706.09,594523.36,728100.08
2016-08-31,7.27,7.4,7.32,7.23,561836.81,0.04,0.55,7.278,7.305,7.201,546436.76,599015.87,716459.87
2016-08-30,7.25,7.35,7.28,7.21,634051.94,0.05,0.69,7.27,7.323,7.173,537120.19,662569.64,706929.74
2016-08-29,7.27,7.29,7.23,7.2,408163.94,-0.03,-0.41,7.286,7.337,7.15,582753.66,700607.76,690805.49
2016-08-26,7.3,7.33,7.26,7.24,373993.03,-0.04,-0.55,7.278,7.361,7.127,637149.36,865450.93,694328.96
2016-08-25,7.24,7.4,7.3,7.19,754138.06,0.02,0.28,7.306,7.344,7.107,665340.63,898506.39,697346.49
2016-08-24,7.35,7.36,7.28,7.24,515253.97,-0.08,-1.09,7.332,7.31,7.09,651594.98,890374.4,691550.22
2016-08-23,7.25,7.47,7.36,7.25,862219.31,0.17,2.36,7.376,7.278,7.077,788019.09,891531.29,730871.82
2016-08-22,7.4,7.41,7.19,7.18,680142.44,-0.21,-2.84,7.388,7.24,7.082,818461.86,861004.71,709234.17
2016-08-19,7.43,7.46,7.4,7.35,514949.38,-0.03,-0.4,7.444,7.214,7.091,1093752.5,845385.52,698768.2
2016-08-18,7.43,7.54,7.43,7.39,685409.81,-0.07,-0.93,7.382,7.16,7.094,1131672.15,861676.8,699809.43
2016-08-17,7.49,7.64,7.5,7.4,1197374.5,0.08,1.08,7.288,7.096,7.101,1129153.82,833903.88,690624.12
2016-08-16,7.44,7.55,7.42,7.39,1014433.19,-0.05,-0.67,7.18,7.023,7.104,995043.49,751289.85,649764.63
2016-08-15,7.12,7.74,7.47,7.07,2056595.62,0.38,5.36,7.092,6.962,7.114,903547.55,681003.21,621307.99
2016-08-12,6.91,7.1,7.09,6.88,704547.62,0.13,1.87,6.984,6.892,7.119,597018.55,523206.99,552853.44
2016-08-11,6.96,7.09,6.96,6.95,672818.19,0.0,0.0,6.938,6.87,7.155,591681.45,496186.58,551921.07
2016-08-10,6.98,7.04,6.96,6.93,526822.81,-0.02,-0.29,6.904,6.869,7.196,538653.93,492726.04,546871.83
2016-08-09,6.91,6.99,6.98,6.88,556953.5,0.05,0.72,6.866,6.876,7.238,507536.2,570212.34,588354.88
2016-08-08,6.85,6.94,6.93,6.77,523950.62,0.07,1.02,6.832,6.923,7.284,458458.87,557463.63,624186.22
2016-08-05,6.8,6.93,6.86,6.77,677862.12,0.07,1.03,6.8,6.968,7.319,449395.42,552150.87,654448.96
2016-08-04,6.77,6.81,6.79,6.7,407680.62,0.02,0.29,6.802,7.027,7.355,400691.71,537942.06,664708.68
2016-08-03,6.79,6.81,6.77,6.72,371234.16,-0.04,-0.59,6.834,7.106,7.392,446798.14,547344.36,676313.59
2016-08-02,6.77,6.81,6.81,6.74,311566.81,0.04,0.59,6.886,7.184,7.428,632888.48,548239.42,685120.63
2016-08-01,6.89,6.9,6.77,6.7,478633.41,-0.1,-1.46,7.014,7.265,7.46,656468.4,561612.76,697791.56
2016-07-29,6.96,7.01,6.87,6.84,434343.56,-0.08,-1.15,7.136,7.346,7.494,654906.31,582499.9,723114.52
2016-07-28,7.0,7.06,6.95,6.8,638212.75,-0.08,-1.14,7.252,7.44,7.514,675192.41,607655.57,740668.2
2016-07-27,7.4,7.46,7.03,6.93,1301685.88,-0.42,-5.64,7.378,7.522,7.536,647890.58,601017.62,734573.51
2016-07-26,7.36,7.49,7.45,7.36,429466.41,0.07,0.95,7.482,7.6,7.555,463590.36,606497.41,707506.59
2016-07-25,7.41,7.48,7.38,7.32,470822.97,-0.07,-0.94,7.516,7.645,7.558,466757.12,690908.81,730414.51
2016-07-22,7.55,7.57,7.45,7.44,535774.06,-0.13,-1.72,7.556,7.669,7.558,510093.48,756747.06,753202.84
2016-07-21,7.56,7.68,7.58,7.55,501703.59,0.03,0.4,7.628,7.683,7.551,540118.72,791475.3,780087.3
2016-07-20,7.63,7.64,7.55,7.53,380184.78,-0.07,-0.92,7.666,7.677,7.528,554144.66,805282.83,785163.94
2016-07-19,7.55,7.65,7.62,7.51,445300.22,0.04,0.53,7.718,7.671,7.501,749404.46,822001.84,802677.28
2016-07-18,7.73,7.73,7.58,7.52,687504.75,-0.23,-2.94,7.774,7.655,7.499,915060.49,833970.35,814803.59
2016-07-15,7.83,7.99,7.81,7.78,685900.25,0.04,0.52,7.782,7.642,7.505,1003400.64,863729.15,822637.61
2016-07-14,7.78,7.83,7.77,7.73,571833.31,-0.04,-0.51,7.738,7.587,7.498,1042831.88,873680.83,817091.46
2016-07-13,7.92,8.06,7.81,7.76,1356483.75,-0.09,-1.14,7.688,7.549,7.497,1056420.99,868129.41,861659.66
2016-07-12,7.6,7.91,7.9,7.56,1273580.38,0.28,3.67,7.624,7.51,7.498,894599.22,808515.78,857691.77
2016-07-11,7.58,7.78,7.62,7.53,1129205.5,0.03,0.4,7.536,7.47,7.489,752880.22,769920.22,898145.57
2016-07-08,7.51,7.68,7.59,7.45,883056.44,0.07,0.93,7.502,7.447,7.491,724057.67,749658.62,934398.1
2016-07-07,7.47,7.56,7.52,7.36,639778.88,0.03,0.4,7.436,7.418,7.639,704529.79,768699.3,907629.07
2016-07-06,7.45,7.53,7.49,7.38,547374.88,0.03,0.4,7.41,7.378,7.787,679837.82,765045.05,889478.02
2016-07-05,7.45,7.5,7.46,7.41,564985.38,0.01,0.13,7.396,7.331,7.945,722432.34,783352.72,878392.54
2016-07-04,7.2,7.58,7.45,7.16,985092.75,0.19,2.62,7.404,7.343,8.104,786960.22,795636.83,865392.45
2016-07-01,7.41,7.43,7.26,7.2,785417.06,-0.13,-1.76,7.392,7.368,8.264,775259.57,781546.06,834839.33
2016-06-30,7.45,7.54,7.39,7.38,516319.03,-0.03,-0.4,7.4,7.409,8.438,832868.81,760502.08,818298.14
2016-06-29,7.52,7.55,7.42,7.41,760347.5,-0.08,-1.07,7.346,7.445,8.608,850252.28,855189.91,822118.65
2016-06-28,7.27,7.64,7.5,7.23,887624.75,0.11,1.49,7.266,7.485,8.756,844273.1,906867.75,799270.19
2016-06-27,7.2,7.42,7.39,7.11,926589.5,0.09,1.23,7.282,7.508,8.906,804313.45,1026370.93,774601.58
2016-06-24,7.39,7.46,7.3,7.01,1073463.25,0.18,2.53,7.344,7.535,9.065,787832.55,1119137.58,748100.26
2016-06-14,6.99,7.15,7.12,6.96,603236.38,0.1,1.43,7.418,7.859,9.228,688135.35,1046558.84,708556.46
2016-06-13,7.38,7.51,7.02,7.02,730451.62,-0.56,-7.39,7.544,8.196,9.388,860127.55,1013910.99,690477.3
2016-06-08,7.65,7.7,7.58,7.53,687826.5,-0.12,-1.56,7.704,8.559,9.562,969462.4,973432.35,671364.25
2016-06-07,7.75,7.82,7.7,7.67,844185.0,0.03,0.39,7.734,8.865,9.704,1248428.4,935148.06,651564.68
2016-06-06,7.7,7.78,7.67,7.63,574977.25,-0.08,-1.03,7.726,9.16,9.844,1450442.6,888132.6,621404.15
2016-06-03,7.8,7.94,7.75,7.61,1463197.38,-0.07,-0.9,8.3,9.466,9.987,1404982.33,876094.2,613043.0
2016-06-02,7.75,7.89,7.82,7.63,1277125.88,0.09,1.16,8.848,9.771,10.145,1167694.43,789047.4,568136.16
2016-06-01,7.8,8.05,7.73,7.69,2082656.5,0.07,0.91,9.414,10.026,10.329,977402.3,691672.63,519662.81
2016-05-31,7.02,7.66,7.66,6.97,1854256.0,0.7,10.06,9.996,10.303,10.513,621867.72,522832.24,434901.26
2016-05-30,10.47,10.69,10.54,10.33,347675.91,0.05,0.48,10.594,10.594,10.703,325822.6,377062.95,373590.72
2016-05-27,10.61,10.65,10.49,10.44,276757.88,-0.16,-1.5,10.632,10.596,10.733,347206.07,370554.08,368772.85
2016-05-26,10.65,10.74,10.65,10.35,325665.22,0.01,0.09,10.694,10.58,10.77,410400.36,367043.6,374145.6
2016-05-25,10.79,10.84,10.64,10.62,304983.59,-0.01,-0.09,10.638,10.565,10.803,405942.96,369296.14,377407.89
2016-05-24,10.84,10.84,10.65,10.63,374030.41,-0.08,-0.75,10.61,10.542,10.837,423796.76,367981.29,387281.97
2016-05-23,10.75,10.86,10.73,10.61,454593.25,-0.07,-0.65,10.594,10.528,10.857,428303.29,354675.7,386735.32
2016-05-20,10.36,10.88,10.8,10.28,592729.31,0.43,4.15,10.56,10.508,10.881,393902.09,349991.79,393018.34
2016-05-19,10.45,10.59,10.37,10.33,303378.25,-0.13,-1.24,10.466,10.518,10.887,323686.85,347224.93,389043.76
2016-05-18,10.47,10.68,10.5,10.28,394252.56,-0.07,-0.66,10.492,10.632,10.925,332649.32,347652.98,416446.39
2016-05-17,10.59,10.79,10.57,10.35,396563.09,0.01,0.1,10.474,10.722,10.982,312165.82,346970.28,423044.15
2016-05-16,10.3,10.57,10.56,10.25,282587.25,0.23,2.23,10.462,10.812,11.028,281048.11,370118.49,431092.13
2016-05-13,10.45,10.59,10.33,10.3,241653.09,-0.17,-1.62,10.456,10.869,11.093,306081.5,366991.62,447412.8
2016-05-12,10.28,10.54,10.5,10.1,348190.62,0.09,0.86,10.57,10.96,11.18,370763.0,381247.6,471241.09
2016-05-11,10.6,10.65,10.41,10.37,291835.06,-0.1,-0.95,10.772,11.04,11.255,362656.63,385519.63,532564.65
2016-05-10,10.41,10.63,10.51,10.41,240974.52,-0.02,-0.19,10.97,11.132,11.33,381774.73,406582.66,578552.09
2016-05-09,10.8,10.88,10.53,10.43,407754.19,-0.37,-3.39,11.162,11.185,11.416,459188.86,418794.94,682017.93
2016-05-06,11.54,11.58,10.9,10.9,565060.62,-0.61,-5.3,11.282,11.253,11.463,427901.73,436044.88,702040.35
2016-05-05,11.38,11.51,11.51,11.36,307658.78,0.11,0.96,11.35,11.255,11.503,391732.2,430862.59,715563.66
2016-05-04,11.4,11.51,11.4,11.34,387425.53,-0.07,-0.61,11.308,11.217,11.538,408382.63,485239.81,751099.15
2016-05-03,11.13,11.64,11.47,11.04,628045.19,0.34,3.06,11.294,11.241,11.577,431390.59,499118.03,796898.13
2016-04-29,11.2,11.3,11.13,11.09,251318.55,-0.11,-0.98,11.208,11.244,11.586,378401.01,492065.77,818236.58
2016-04-28,11.36,11.36,11.24,10.97,384212.94,-0.06,-0.53,11.224,11.316,11.614,444188.02,527833.99,896951.55
2016-04-27,11.29,11.41,11.3,11.21,390910.94,-0.03,-0.27,11.16,11.4,11.602,469992.98,561234.58,945422.44
2016-04-26,11.06,11.4,11.33,11.06,502465.31,0.29,2.63,11.126,11.469,11.571,562096.99,679609.67,980811.33
2016-04-25,11.1,11.15,11.04,10.87,363097.31,-0.17,-1.52,11.188,11.527,11.557,566845.48,750521.53,1015590.49
2016-04-22,10.79,11.24,11.21,10.72,580253.62,0.29,2.66,11.28,11.646,11.555,605730.53,945240.92,1069647.09
2016-04-21,11.01,11.22,10.92,10.87,513237.72,-0.21,-1.89,11.408,11.673,11.508,611479.96,968035.82,1087633.24
2016-04-20,11.65,11.66,11.13,10.82,851431.0,-0.51,-4.38,11.64,11.75,11.502,652476.17,1000264.73,1133694.51
2016-04-19,11.62,11.68,11.64,11.42,526207.75,0.14,1.22,11.812,11.858,11.457,797122.35,1016958.48,1146422.61
2016-04-18,11.69,11.69,11.5,11.48,557522.56,-0.35,-2.95,11.866,11.912,11.399,934197.58,1094678.23,1192936.67
2016-04-15,12.01,12.07,11.85,11.72,609000.75,-0.23,-1.9,12.012,11.928,11.3,1284751.31,1144407.39,1212482.5
2016-04-14,12.0,12.13,12.08,11.8,718218.81,0.09,0.75,11.938,11.911,11.168,1324591.69,1266069.11,1206945.16
2016-04-13,12.04,12.56,11.99,11.97,1574661.88,0.08,0.67,11.86,11.804,11.012,1348053.28,1329610.31,1184367.54
2016-04-12,12.0,12.08,11.91,11.58,1211583.88,-0.32,-2.62,11.904,11.673,10.865,1236794.61,1282012.98,1118752.28
2016-04-11,12.0,12.63,12.23,12.0,2310291.25,0.75,6.53,11.958,11.587,10.726,1255158.89,1280659.44,1080522.58
2016-04-08,11.65,11.78,11.48,11.21,808202.62,-0.21,-1.8,11.844,11.463,10.557,1004063.46,1194053.27,977325.85
2016-04-07,12.45,12.46,11.69,11.58,835526.75,-0.52,-4.26,11.884,11.343,10.419,1207546.54,1207230.66,948244.27
2016-04-06,12.01,12.35,12.21,11.88,1018368.56,0.03,0.25,11.748,11.254,10.279,1311167.34,1267124.3,927088.21
2016-04-05,11.67,12.6,12.18,11.58,1303405.25,0.52,4.46,11.442,11.055,10.127,1327231.35,1275886.74,897911.28
2016-04-01,11.5,11.7,11.66,11.3,1054814.12,-0.02,-0.17,11.216,10.885,9.982,1306160.0,1291195.11,852582.29
2016-03-31,11.07,12.11,11.68,11.03,1825618.0,0.67,6.08,11.082,10.672,9.853,1384043.07,1280557.62,830795.56
2016-03-30,10.78,11.06,11.01,10.66,1353630.75,0.33,3.09,10.802,10.424,9.724,1206914.79,1147821.21,765295.32
2016-03-29,11.01,11.18,10.68,10.46,1098688.62,-0.37,-3.35,10.76,10.22,9.629,1223081.26,1039124.78,725482.99
2016-03-28,10.97,11.2,11.05,10.78,1198048.5,0.06,0.55,10.668,10.057,9.519,1224542.14,955491.59,687880.03
2016-03-25,10.2,11.11,10.99,10.2,1444229.5,0.71,6.91,10.554,9.865,9.377,1276230.21,880385.72,648192.49
2016-03-24,10.3,10.58,10.28,10.26,939976.56,-0.52,-4.82,10.262,9.65,9.262,1177072.16,760598.43,594617.15
2016-03-23,10.21,10.97,10.8,10.16,1434463.12,0.58,5.67,10.046,9.494,9.18,1088727.64,689257.88,572543.28
2016-03-22,10.42,10.59,10.22,10.12,1105993.0,-0.26,-2.48,9.68,9.304,9.119,855168.3,587052.13,525598.62
2016-03-21,9.88,10.48,10.48,9.75,1456488.88,0.95,9.97,9.446,9.198,9.076,686441.03,519935.82,486955.08
2016-03-18,9.25,9.65,9.53,9.2,948439.25,0.33,3.59,9.176,9.078,9.027,484541.23,413969.48,440374.2
2016-03-17,9.04,9.32,9.2,8.99,498253.94,0.23,2.56,9.038,9.034,9.011,344124.69,381033.5,407788.46
2016-03-16,9.07,9.19,8.97,8.93,266666.41,-0.08,-0.88,8.942,9.024,9.004,289788.13,382769.42,404123.9
2016-03-15,9.1,9.12,9.05,8.93,262356.69,-0.08,-0.88,8.928,9.037,9.01,318935.96,411841.2,409299.6
2016-03-14,8.96,9.35,9.13,8.89,446989.84,0.29,3.28,8.95,8.981,9.006,353430.61,420268.48,415802.41
2016-03-11,8.63,9.01,8.84,8.62,246356.56,0.12,1.38,8.98,8.889,8.978,343397.73,415999.27,402145.02
2016-03-10,8.91,8.98,8.72,8.68,226571.14,-0.18,-2.02,9.03,8.874,8.969,417942.31,428635.88,404437.93
2016-03-09,8.92,9.16,8.9,8.85,412405.56,-0.26,-2.84,9.106,8.865,8.985,475750.72,455828.67,406795.16
2016-03-08,9.21,9.22,9.16,8.71,434829.94,-0.12,-1.29,9.146,8.934,8.986,504746.43,464145.12,398806.64
2016-03-07,9.19,9.43,9.28,9.11,396825.47,0.19,2.09,9.012,8.953,8.977,487106.34,453974.33,399553.03
2016-03-04,9.07,9.28,9.09,8.9,619079.44,-0.01,-0.11,8.798,8.976,8.95,488600.81,466778.93,402666.0
2016-03-03,9.03,9.25,9.1,9.01,515613.19,0.0,0.0,8.718,8.987,8.928,439329.45,434543.42,394267.02
2016-03-02,8.48,9.18,9.1,8.41,557384.12,0.61,7.18,8.624,8.983,8.883,435906.62,425478.37,391587.98
2016-03-01,8.27,8.75,8.49,8.14,346629.5,0.28,3.41,8.722,8.982,8.858,423543.81,406758.0,386987.28
2016-02-29,8.65,8.67,8.21,8.02,404297.78,-0.48,-5.52,8.894,9.031,8.873,420842.32,411336.34,392762.53
2016-02-26,8.76,8.83,8.69,8.47,372722.66,0.06,0.69,9.154,9.066,8.952,444957.05,388290.77,386217.03
2016-02-25,9.54,9.54,8.63,8.63,498499.06,-0.96,-10.01,9.256,9.064,8.999,429757.38,380239.98,382913.73
2016-02-24,9.3,9.66,9.59,9.27,495570.06,0.24,2.57,9.342,9.105,9.042,415050.12,357761.65,382145.08
2016-02-23,9.46,9.5,9.35,9.2,333122.03,-0.16,-1.68,9.242,9.038,9.061,389972.19,333468.15,383455.16
2016-02-22,9.36,9.67,9.51,9.21,524871.44,0.31,3.37,9.168,9.0,9.093,401830.37,345131.73,393293.81
2016-02-19,9.03,9.26,9.2,9.03,296724.31,0.14,1.54,8.978,8.924,9.099,331624.48,338553.08,383206.63
2016-02-18,9.2,9.36,9.06,9.05,424962.78,-0.03,-0.33,8.872,8.868,9.12,330722.58,353990.63,389947.62
2016-02-17,8.95,9.11,9.09,8.89,370180.38,0.11,1.23,8.868,8.783,9.171,300473.17,357697.59,391378.52
2016-02-16,8.68,9.03,8.98,8.68,392412.94,0.42,4.91,8.834,8.733,9.208,276964.12,367216.56,395621.63
2016-02-15,8.38,8.62,8.56,8.31,173842.0,-0.11,-1.27,8.832,8.715,9.262,288433.1,374188.72,394824.78
2016-02-05,8.95,8.99,8.67,8.66,292214.78,-0.37,-4.09,8.87,8.837,9.33,345481.67,384143.3,407331.39
2016-02-04,8.97,9.13,9.04,8.93,273715.75,0.12,1.34,8.864,8.933,9.435,377258.68,385587.47,419761.7
2016-02-03,8.8,8.96,8.92,8.72,252635.11,-0.05,-0.56,8.698,8.979,9.511,414922.01,406528.52,412577.81
2016-02-02,8.77,9.1,8.97,8.71,449757.84,0.22,2.51,8.632,9.083,9.651,457469.01,433442.17,420981.96
2016-02-01,8.6,8.93,8.75,8.51,459084.88,0.11,1.27,8.598,9.185,9.774,459944.34,441455.89,423108.77
2016-01-29,8.25,8.78,8.64,8.2,451099.84,0.43,5.24,8.804,9.274,9.915,422804.92,427860.18,419382.15
2016-01-28,8.49,8.78,8.21,8.15,462032.38,-0.38,-4.42,9.002,9.372,10.126,393916.26,425904.61,424947.53
2016-01-27,8.83,8.89,8.59,8.25,465370.12,-0.21,-2.39,9.26,9.559,10.368,398135.02,425059.45,434902.62
2016-01-26,9.61,9.67,8.8,8.8,462134.5,-0.98,-10.02,9.534,9.682,10.57,409415.33,424026.7,424129.46
2016-01-25,9.73,9.9,9.78,9.65,273387.75,0.15,1.56,9.772,9.808,10.748,422967.44,415460.83,422485.59
2016-01-22,9.62,9.79,9.63,9.26,306656.56,0.13,1.37,9.744,9.823,10.903,432915.44,430519.48,421953.09
2016-01-21,9.83,10.1,9.5,9.5,483126.19,-0.46,-4.62,9.742,9.937,11.06,457892.96,453935.93,437883.61
2016-01-20,9.94,10.08,9.96,9.78,521771.66,-0.03,-0.3,9.858,10.042,11.253,451983.88,418627.11,475548.16
2016-01-19,9.63,10.08,9.99,9.55,529895.06,0.35,3.63,9.83,10.218,11.42,438638.06,408521.75,479140.42
2016-01-18,9.5,9.83,9.64,9.4,323127.75,0.02,0.21,9.844,10.363,11.58,407954.22,404761.64,485726.98
2016-01-15,9.99,10.1,9.62,9.5,431544.16,-0.46,-4.56,9.902,10.556,11.754,428123.52,410904.12,512208.35
2016-01-14,9.47,10.15,10.08,9.46,453580.75,0.26,2.65,10.132,10.879,11.916,449978.89,423990.46,520965.14
2016-01-13,10.18,10.33,9.82,9.81,455042.59,-0.24,-2.39,10.226,11.176,12.047,385270.34,444745.78,519986.56
2016-01-12,10.05,10.5,10.06,9.96,376475.84,0.13,1.31,10.606,11.458,12.193,378405.44,424232.23,525443.42
2016-01-11,10.4,10.9,9.93,9.88,423974.28,-0.84,-7.8,10.882,11.688,12.349,401569.06,429510.35,544389.92
2016-01-08,10.9,11.3,10.77,10.03,540821.0,0.22,2.08,11.21,11.983,12.461,393684.71,413386.7,540293.52
2016-01-07,11.46,11.46,10.55,10.55,130038.01,-1.17,-9.98,11.626,12.183,12.525,398002.02,421831.3,533428.84
2016-01-06,11.43,11.9,11.72,11.22,420718.09,0.28,2.45,12.126,12.463,12.595,504221.22,532469.21,539750.38
2016-01-05,11.05,11.9,11.44,10.71,492293.91,-0.13,-1.12,12.31,12.622,12.609,470059.01,549759.1,534066.03
2016-01-04,12.84,12.84,11.57,11.57,384552.53,-1.28,-9.96,12.494,12.797,12.658,457451.64,566692.33,523108.13
2015-12-31,13.0,13.35,12.85,12.85,562407.56,-0.2,-1.53,12.756,12.952,12.698,433088.69,613512.58,523410.45
2015-12-30,12.66,13.29,13.05,12.57,661134.0,0.41,3.24,12.74,12.952,12.688,445660.58,617939.82,526477.48
2015-12-29,12.37,12.65,12.64,12.37,249907.03,0.28,2.27,12.8,12.917,12.671,560717.2,595227.33,530622.76
2015-12-28,13.0,13.09,12.36,12.35,429257.06,-0.52,-4.04,12.934,12.928,12.643,629459.19,626654.62,537620.59
2015-12-25,12.81,12.98,12.88,12.73,262737.81,0.11,0.86,13.1,13.01,12.632,675933.02,659269.5,547286.66
2015-12-24,13.17,13.28,12.77,12.53,625267.0,-0.58,-4.34,13.148,12.938,12.593,793936.47,667200.33,580883.64
2015-12-23,13.37,13.95,13.35,13.28,1236417.12,0.04,0.3,13.164,12.866,12.627,790219.06,645026.38,585403.08
2015-12-22,13.2,13.44,13.31,13.04,593616.94,0.12,0.91,13.034,12.726,12.639,629737.46,547031.56,552825.39
2015-12-21,13.05,13.5,13.19,12.96,661626.25,0.07,0.53,12.922,12.595,12.65,623850.06,518372.97,556171.72
2015-12-18,12.85,13.47,13.12,12.8,852755.06,0.27,2.1,12.92,12.518,12.65,642605.97,479523.92,559072.82
2015-12-17,12.89,13.07,12.85,12.74,606679.94,0.15,1.18,12.728,12.443,12.667,540464.19,433308.31,556416.84
2015-12-16,12.86,13.14,12.7,12.67,434009.09,-0.05,-0.39,12.568,12.424,12.709,499833.71,435015.15,572381.91
2015-12-15,13.0,13.16,12.75,12.7,564179.94,-0.43,-3.26,12.418,12.424,12.745,464325.65,466018.18,671242.92
2015-12-14,12.01,13.19,13.18,11.95,755405.81,1.02,8.39,12.268,12.357,12.851,412895.88,448586.55,800517.85
2015-12-11,11.9,12.39,12.16,11.81,342046.16,0.11,0.91,12.116,12.254,12.913,316441.87,435303.83,823015.7
2015-12-10,12.04,12.56,12.05,12.0,403527.53,0.1,0.84,12.158,12.248,13.001,326152.44,494566.96,854919.45
2015-12-09,11.95,12.23,11.95,11.85,256468.83,-0.05,-0.42,12.28,12.387,13.082,370196.58,525779.78,883946.81
2015-12-08,12.3,12.53,12.0,11.98,307031.06,-0.42,-3.38,12.43,12.551,13.195,467710.71,558619.22,919782.7
2015-12-07,12.35,12.54,12.42,12.23,273135.78,0.05,0.4,12.446,12.704,13.285,484277.23,593970.46,965575.65
2015-12-04,12.5,12.6,12.37,12.31,390599.0,-0.29,-2.29,12.392,12.781,13.337,554165.79,638621.73,1045716.15
2015-12-03,12.6,12.86,12.66,12.4,623748.25,-0.04,-0.32,12.338,12.89,13.412,662981.47,679525.37,1116000.94
2015-12-02,12.06,12.89,12.7,11.96,744039.44,0.62,5.13,12.494,12.994,13.409,681362.97,709748.67,1178627.69
2015-12-01,12.0,12.27,12.08,11.81,389863.66,-0.07,-0.58,12.672,13.065,13.36,649527.73,876467.65,1190785.52
2015-11-30,12.09,12.39,12.15,11.41,622578.62,0.05,0.41,12.962,13.344,13.289,703663.7,1152449.14,1189410.6
2015-11-27,13.17,13.33,12.1,12.1,934677.38,-1.34,-9.97,13.17,13.572,13.207,723077.66,1210727.58,1180716.79
2015-11-26,13.7,14.09,13.44,13.4,715655.75,-0.15,-1.1,13.442,13.754,13.145,696069.28,1215271.94,1171616.83
2015-11-25,13.46,13.63,13.59,13.28,584863.25,0.06,0.44,13.494,13.777,13.004,738134.38,1242113.84,1152821.43
2015-11-24,13.17,13.73,13.53,13.1,660543.5,0.34,2.58,13.458,13.838,12.855,1103407.58,1280946.18,1144053.78
2015-11-23,13.5,13.76,13.19,13.1,719648.44,-0.27,-2.01,13.726,13.865,12.729,1601234.58,1337180.83,1130687.33
2015-11-20,13.6,13.61,13.46,13.25,799635.44,-0.24,-1.75,13.974,13.893,12.621,1698377.49,1452810.58,1134853.11
2015-11-19,13.56,13.74,13.7,13.22,925981.25,0.29,2.16,14.066,13.933,12.481,1734474.61,1552476.51,1121312.89
2015-11-18,14.48,14.79,13.41,13.38,2411229.25,-1.46,-9.82,14.06,13.823,12.317,1746093.3,1647506.71,1101971.03
2015-11-17,14.95,15.87,14.87,14.58,3149678.5,0.44,3.05,14.218,13.655,12.161,1458484.79,1505103.39,1016328.97
2015-11-16,13.69,14.87,14.43,13.6,1205363.0,0.51,3.66,14.004,13.234,11.965,1073127.09,1226372.06,882467.32
2015-11-13,13.4,14.38,13.92,13.37,980121.06,0.25,1.83,13.812,12.841,11.787,1207243.66,1150706.0,865413.3
2015-11-12,14.15,14.26,13.67,13.56,984074.69,-0.53,-3.73,13.8,12.535,11.629,1370478.4,1127961.72,849823.8
2015-11-11,13.6,14.46,14.2,13.39,973186.69,0.4,2.9,13.586,12.231,11.473,1548920.11,1063529.03,826378.86
2015-11-10,13.21,14.56,13.8,13.13,1222890.0,0.33,2.45,13.092,11.872,11.276,1551721.99,1007161.38,803506.77
2015-11-09,13.85,14.61,13.47,13.4,1875945.88,-0.39,-2.81,12.464,11.592,11.11,1379617.03,924193.83,765873.17
2015-11-06,12.63,13.86,13.86,12.32,1796294.75,1.26,10.0,11.87,11.348,10.96,1094168.34,816895.64,723063.38
2015-11-05,12.28,12.9,12.6,12.13,1876283.25,0.87,7.42,11.27,11.029,10.771,885445.04,690149.27,676597.67
2015-11-04,10.76,11.73,11.73,10.72,987196.06,1.07,10.04,10.876,10.811,10.639,578137.94,556435.36,631760.59
2015-11-03,10.55,10.85,10.66,10.45,362365.19,0.16,1.52,10.652,10.666,10.513,462600.77,527554.54,582711.83
2015-11-02,10.62,10.98,10.5,10.45,448702.47,-0.36,-3.31,10.72,10.696,10.433,468770.64,538562.58,576723.32
2015-10-30,10.57,11.29,10.86,10.38,752678.25,0.23,2.16,10.826,10.732,10.36,539622.94,580120.6,566530.33
2015-10-29,10.73,10.83,10.63,10.48,339747.72,0.02,0.19,10.788,10.722,10.268,494853.49,571685.88,535655.26
2015-10-28,10.95,11.18,10.61,10.53,409510.22,-0.39,-3.54,10.746,10.715,10.18,534732.77,589228.69,531598.63
2015-10-27,10.94,11.09,11.0,10.48,393214.53,-0.03,-0.27,10.68,10.679,10.109,592508.32,599852.16,521957.59
2015-10-26,10.95,11.42,11.03,10.82,802964.0,0.36,3.37,10.672,10.627,10.01,608354.51,607552.51,517068.08
2015-10-23,10.49,10.72,10.67,10.25,528831.0,0.25,2.4,10.638,10.571,9.925,620618.26,629231.12,504296.19
2015-10-22,10.35,10.5,10.42,9.97,539144.12,0.14,1.36,10.656,10.512,9.843,648518.26,663046.07,491303.98
2015-10-21,10.96,11.19,10.28,10.05,698387.94,-0.68,-6.2,10.684,10.466,9.765,643724.61,707085.83,474652.92
2015-10-20,10.84,10.96,10.96,10.63,472445.5,0.1,0.92,10.678,10.36,9.684,607196.0,637869.12,459955.23
2015-10-19,10.81,11.36,10.86,10.72,864282.75,0.1,0.93,10.582,10.169,9.584,606750.51,614884.06,456860.67
2015-10-16,10.66,10.98,10.76,10.52,668331.0,0.2,1.89,10.504,9.988,9.451,637843.99,552940.05,434885.77
2015-10-15,10.24,10.6,10.56,10.2,515175.84,0.31,3.02,10.368,9.814,9.356,677573.89,499624.65,429498.24
2015-10-14,10.45,10.65,10.25,10.25,515744.91,-0.23,-2.19,10.248,9.645,9.32,770447.06,473968.58,415368.98
2015-10-13,10.3,10.7,10.48,10.29,470218.06,0.01,0.1,10.042,9.539,9.301,668542.23,444063.03,404668.93
2015-10-12,10.04,10.8,10.47,9.92,1019750.12,0.39,3.87,9.756,9.392,9.286,623017.61,426583.64,412521.12
2015-10-09,9.89,10.23,10.08,9.67,866980.5,0.12,1.21,9.472,9.278,9.255,468036.12,379361.25,377125.57
2015-10-08,9.91,9.96,9.96,9.72,979541.69,0.91,10.05,9.26,9.174,9.226,321675.4,319561.89,354663.23
2015-10-07,9.17,9.28,9.22,9.1,6220.78,0.17,1.88,9.042,9.063,9.215,177490.1,242220.01,345795.86
2015-09-30,9.01,9.34,9.05,9.0,242594.97,0.0,0.0,9.036,9.008,9.247,219583.83,282041.35,393590.7
2015-09-29,8.9,9.27,9.05,8.78,244842.64,0.03,0.33,9.028,8.998,9.28,230149.67,298837.28,416191.27
2015-09-28,8.8,9.05,9.02,8.7,135176.94,0.15,1.69,9.084,8.914,9.322,290686.39,316831.5,447337.74
2015-09-25,9.13,9.2,8.87,8.76,258615.16,-0.32,-3.48,9.088,8.898,9.341,317448.38,359371.83,480376.29
2015-09-24,9.09,9.25,9.19,9.06,216689.44,0.18,2.0,9.084,8.995,9.33,306949.93,356769.38,509211.78
2015-09-23,9.1,9.22,9.01,8.95,295424.16,-0.32,-3.43,8.98,9.063,9.337,344498.87,365274.82,531765.92
2015-09-22,9.03,9.78,9.33,8.96,547526.25,0.29,3.21,8.968,9.18,9.404,367524.88,398458.61,543749.39
2015-09-21,8.75,9.07,9.04,8.64,268986.91,0.19,2.15,8.744,9.231,9.512,342976.6,374889.89,539776.67
2015-09-18,8.78,8.94,8.85,8.67,206122.88,0.18,2.08,8.708,9.277,9.691,401295.28,389764.56,545649.79
2015-09-17,8.9,9.08,8.67,8.64,404434.16,-0.28,-3.13,8.906,9.367,9.908,406588.82,449371.71,564486.2
2015-09-16,8.31,9.03,8.95,8.2,410554.22,0.74,9.01,9.146,9.486,10.121,386050.77,505140.04,588376.07
2015-09-15,8.7,8.97,8.21,8.05,424784.84,-0.65,-7.34,9.392,9.561,10.378,429392.33,533545.27,593172.69
2015-09-14,9.87,9.91,8.86,8.86,560580.31,-0.98,-9.96,9.718,9.73,10.679,406803.18,577843.98,609994.67
2015-09-11,9.9,10.04,9.84,9.74,232590.59,-0.03,-0.3,9.846,9.783,10.93,378233.83,601380.75,601683.92
2015-09-10,9.93,10.13,9.87,9.81,301743.91,-0.31,-3.04,9.828,9.665,11.124,492154.59,661654.19,614834.5
2015-09-09,9.9,10.33,10.18,9.75,627262.0,0.34,3.46,9.826,9.61,11.318,624229.31,698257.01,623648.7
2015-09-08,9.46,9.87,9.84,9.2,311839.09,0.34,3.58,9.73,9.627,11.509,637698.21,689040.18,626920.98
2015-09-07,9.8,10.2,9.5,9.39,417733.56,-0.25,-2.56,9.742,9.793,11.676,748884.79,704663.46,627353.12
2015-09-02,9.36,9.91,9.75,9.22,802194.38,-0.11,-1.12,9.72,10.105,11.85,824527.68,701535.03,621088.93
2015-09-01,9.5,9.98,9.86,9.0,962117.5,0.16,1.65,9.502,10.448,12.024,831153.79,679600.69,603388.0
2015-08-31,9.85,9.85,9.7,9.1,694606.5,-0.2,-2.02,9.394,10.756,12.224,772284.71,671612.11,580843.65
2015-08-28,9.5,10.28,9.9,9.38,867772.0,0.51,5.43,9.524,11.195,12.418,740382.15,652800.11,573889.5
2015-08-27,8.99,9.45,9.39,8.42,795948.0,0.73,8.43,9.844,11.627,12.592,660442.13,642145.35,568083.69
2015-08-26,9.32,9.87,8.66,8.61,835324.94,-0.66,-7.08,10.49,12.077,12.767,578542.39,601987.08,555035.16
2015-08-25,9.33,9.8,9.32,9.32,667772.12,-1.03,-9.95,11.394,12.583,13.016,528047.6,568014.82,548755.3
2015-08-24,11.01,11.42,10.35,10.35,535093.69,-1.15,-10.0,12.118,13.026,13.21,570939.5,549040.39,570410.9
2015-08-21,12.55,12.77,11.5,11.49,468071.88,-1.12,-8.88,12.866,13.39,13.332,565218.07,564801.79,602543.86
2015-08-20,12.98,13.15,12.62,12.62,386449.31,-0.56,-4.25,13.41,13.558,13.466,623848.57,550042.79,624560.51
2015-08-19,12.59,13.22,13.18,12.15,582851.0,0.24,1.85,13.664,13.594,13.574,625431.78,540642.82,652602.6
2015-08-18,14.27,14.77,12.94,12.8,882231.62,-1.15,-8.16,13.772,13.599,13.634,607982.04,527175.3,655521.34
2015-08-17,14.16,14.31,14.09,13.85,506486.56,-0.13,-0.91,13.934,13.691,13.72,527141.27,490075.19,660477.37
2015-08-14,13.97,14.58,14.22,13.9,761224.38,0.33,2.38,13.914,13.641,13.733,564385.5,494978.89,678438.52
2015-08-13,13.71,13.95,13.89,13.51,394365.34,0.17,1.24,13.706,13.556,13.754,476237.01,494022.03,680255.47
2015-08-12,13.7,14.18,13.72,13.58,495602.28,-0.03,-0.22,13.524,13.457,13.751,455853.86,508083.24,697505.68
2015-08-11,13.8,14.06,13.75,13.71,478027.81,-0.24,-1.72,13.426,13.448,13.74,446368.56,529495.78,722717.89
2015-08-10,13.24,14.28,13.99,13.07,692707.69,0.81,6.15,13.448,13.394,13.803,453009.11,591781.4,762130.35
2015-08-07,13.17,13.33,13.18,13.04,320481.91,0.2,1.54,13.368,13.273,13.902,425572.28,640285.93,818403.07
2015-08-06,12.83,13.35,12.98,12.82,292449.62,-0.25,-1.89,13.406,13.373,14.022,511807.05,699078.24,891160.63
2015-08-05,13.74,13.82,13.23,13.12,448175.78,-0.63,-4.54,13.39,13.553,14.081,560312.62,764562.38,951380.2
2015-08-04,13.48,13.94,13.86,13.33,511230.53,0.27,1.99,13.47,13.668,14.063,612623.01,783867.38,977430.39
2015-08-03,13.02,13.62,13.59,12.85,555523.56,0.22,1.65,13.34,13.749,14.074,730553.7,830879.56,1001967.22
2015-07-31,12.66,13.57,13.37,12.66,751655.75,0.47,3.64,13.178,13.824,14.101,854999.59,861898.14,1026769.65
2015-07-30,13.45,13.7,12.9,12.87,534977.5,-0.73,-5.36,13.34,13.951,14.144,886349.43,866488.92,1042952.82
2015-07-29,13.13,13.63,13.63,13.05,709727.69,0.42,3.18,13.716,14.045,14.221,968812.13,886928.12,1074701.28
2015-07-28,12.33,13.55,13.21,11.9,1100884.0,0.43,3.37,13.866,14.032,14.261,955111.75,915939.99,1099032.85
2015-07-27,13.8,14.09,12.78,12.76,1177753.0,-1.4,-9.87,14.158,14.211,14.336,931205.41,932479.29,1098900.63
2015-07-24,14.85,14.94,14.18,14.05,908404.94,-0.6,-4.06,14.47,14.531,14.455,868796.7,996520.21,1092835.06
2015-07-23,14.41,14.96,14.78,14.41,947291.0,0.4,2.78,14.562,14.671,14.478,846628.41,1083243.03,1108204.23
2015-07-22,14.47,14.77,14.38,14.13,641225.81,-0.29,-1.98,14.374,14.609,14.451,805044.11,1138198.03,1122832.71
2015-07-21,14.12,15.07,14.67,13.92,981352.31,0.33,2.3,14.198,14.458,14.458,876768.23,1170993.4,1170993.4
2015-07-20,14.63,14.91,14.34,14.02,865709.44,-0.3,-2.05,14.264,14.434,14.434,933753.16,1192064.63,1192064.63
2015-07-17,13.94,14.95,14.64,13.8,797563.5,0.8,5.78,14.592,14.446,14.446,1124243.73,1232859.03,1232859.03
2015-07-16,13.5,14.37,13.84,12.96,739369.5,0.34,2.52,14.78,14.419,14.419,1319857.65,1295044.11,1295044.11
2015-07-15,14.68,15.18,13.5,13.5,999846.38,-1.5,-10.0,14.844,14.515,14.515,1471351.95,1387656.54,1387656.54
2015-07-14,15.35,15.84,15.0,14.77,1266277.0,-0.98,-6.13,14.718,14.718,14.718,1465218.57,1465218.57,1465218.57
2015-07-13,15.3,16.62,15.98,15.01,1818162.25,0.4,2.57,14.648,14.648,14.648,1514953.97,1514953.97,1514953.97
2015-07-10,14.0,15.58,15.58,13.78,1775633.12,1.42,10.03,14.203,14.203,14.203,1413884.54,1413884.54,1413884.54
2015-07-09,12.87,14.16,14.16,11.58,1496841.0,1.29,10.02,13.515,13.515,13.515,1233010.25,1233010.25,1233010.25
2015-07-08,12.87,13.2,12.87,12.87,969179.5,-1.43,-10.0,12.87,12.87,12.87,969179.5,969179.5,969179.5
