date,open,high,close,low,volume,price_change,p_change,ma5,ma10,ma20,v_ma5,v_ma10,v_ma20
2018-06-26,5.88,6.36,6.23,5.88,33492.68,0.28,4.71,5.994,6.344,6.689,22243.59,26877.94,29358.23
2018-06-25,6.0,6.05,5.95,5.95,12327.28,-0.01,-0.17,5.94,6.439,6.737,25157.24,26511.68,29665.71
2018-06-22,5.8,5.96,5.96,5.8,15597.79,0.14,2.4,6.068,6.555,6.81,29535.04,27601.86,31886.19
2018-06-21,5.97,6.07,5.82,5.81,25758.4,-0.19,-3.16,6.254,6.679,6.888,30297.98,29074.52,36541.09
2018-06-20,5.95,6.06,6.01,5.89,24041.82,0.05,0.84,6.46,6.807,6.962,30395.34,28461.9,37574.55
2018-06-19,6.49,6.58,5.96,5.93,48060.9,-0.63,-9.56,6.694,6.917,7.026,31512.28,29085.61,38803.02
2018-06-15,6.89,6.93,6.59,6.5,34216.3,-0.3,-4.35,6.938,7.02,7.089,27866.12,27530.23,38908.41
2018-06-14,6.88,7.0,6.89,6.81,19412.5,0.04,0.58,7.042,7.048,7.116,25668.68,26451.25,38845.24
2018-06-13,7.15,7.18,6.85,6.8,26245.2,-0.33,-4.6,7.104,7.053,7.131,27851.06,28582.5,40682.74
2018-06-12,7.11,7.24,7.18,7.05,29626.5,0.0,0.0,7.154,7.042,7.148,26528.45,31037.7,42466.71
2018-06-11,7.12,7.36,7.18,7.02,29830.1,0.07,0.98,7.14,7.033,7.156,26658.95,31838.53,45219.77
2018-06-08,7.19,7.2,7.11,7.03,23229.1,-0.09,-1.25,7.102,7.035,7.156,27194.33,32819.74,50504.44
2018-06-07,7.11,7.25,7.2,7.06,30324.4,0.1,1.41,7.054,7.065,7.176,27233.81,36170.53,61921.79
2018-06-06,7.13,7.14,7.1,7.0,19632.13,-0.01,-0.14,7.002,7.096,7.209,29313.93,44007.66,73561.62
2018-06-05,6.99,7.16,7.11,6.9,30279.0,0.12,1.72,6.93,7.116,7.211,35546.95,46687.21,75205.74
2018-06-04,6.85,7.23,6.99,6.8,32507.03,0.12,1.75,6.926,7.135,7.217,37018.11,48520.43,77802.41
2018-06-01,6.9,7.05,6.87,6.79,23426.5,-0.07,-1.01,6.968,7.157,7.235,38445.15,50286.59,82930.19
2018-05-31,6.8,7.1,6.94,6.61,40725.0,0.2,2.97,7.076,7.184,7.247,45107.24,51239.22,87159.75
2018-05-30,6.98,6.99,6.74,6.73,50797.23,-0.35,-4.94,7.19,7.209,7.581,58701.38,52782.97,88638.28
2018-05-29,7.3,7.3,7.09,7.05,37634.8,-0.11,-1.53,7.302,7.254,7.862,57827.47,53895.72,86957.47
2018-05-28,7.36,7.41,7.2,7.11,39642.2,-0.21,-2.83,7.344,7.278,8.136,60022.75,58601.01,86083.35
2018-05-25,7.48,7.59,7.41,7.37,56736.96,-0.1,-1.33,7.346,7.277,8.393,62128.04,68189.15,85502.44
2018-05-24,7.35,7.65,7.51,7.2,108695.7,0.21,2.88,7.292,7.287,8.64,57371.21,87673.05,83223.56
2018-05-23,7.26,7.38,7.3,7.21,46427.7,0.0,0.0,7.228,7.321,8.88,46864.57,103115.58,78352.18
2018-05-22,7.16,7.32,7.3,7.16,48611.2,0.09,1.25,7.206,7.305,9.114,49963.97,103724.28,76431.17
2018-05-21,7.15,7.31,7.21,7.13,50168.65,0.07,0.98,7.212,7.299,9.345,57179.27,107084.38,74472.91
2018-05-18,7.18,7.19,7.14,7.06,32952.8,-0.05,-0.69,7.208,7.313,9.59,74250.25,115573.79,72535.85
2018-05-17,7.14,7.24,7.19,7.05,56162.5,0.0,0.0,7.282,7.31,9.843,117974.89,123080.27,71427.65
2018-05-16,7.25,7.33,7.19,7.17,61924.72,-0.14,-1.91,7.414,7.952,10.078,159366.58,124493.59,69464.02
2018-05-15,7.22,7.36,7.33,7.13,84687.7,0.14,1.95,7.404,8.47,10.338,157484.58,120019.22,67109.12
2018-05-14,7.34,7.44,7.19,7.15,135523.55,-0.32,-4.26,7.386,8.993,10.606,156989.49,113565.7,63907.97
2018-05-11,7.9,7.98,7.51,7.5,251575.98,-0.34,-4.33,7.418,9.509,10.875,156897.33,102815.73,57834.21
2018-05-10,7.14,7.85,7.85,7.13,263120.97,0.71,9.94,7.338,9.992,11.135,128185.65,78774.08,46634.54
2018-05-09,7.34,7.34,7.14,7.08,52514.7,-0.1,-1.38,8.49,10.439,11.372,89620.59,53588.78,34636.47
2018-05-08,7.22,7.44,7.24,7.19,82212.24,-0.11,-1.5,9.536,10.923,11.632,82553.85,49138.06,33117.2
2018-05-07,7.01,7.8,7.35,7.01,135062.77,0.24,3.38,10.6,11.39,11.9,70141.9,41861.44,31636.18
2018-05-04,7.4,7.4,7.11,7.07,108017.59,-0.36,-4.82,11.6,11.866,12.194,48734.12,29497.92,27087.19
2018-05-03,12.42,13.61,13.61,12.1,70295.65,1.24,10.02,12.646,12.375,12.507,29362.5,19775.03,25902.68
2018-05-02,12.56,12.88,12.37,12.24,17181.0,-0.19,-1.51,12.388,12.204,12.508,17556.97,14434.46,26322.21
2018-04-27,12.35,12.68,12.56,12.35,20152.5,0.21,1.7,12.31,12.205,12.51,15722.27,14199.02,26058.83
2018-04-26,12.41,12.75,12.35,12.3,28023.85,0.01,0.08,12.18,12.219,12.491,13580.97,14250.24,25518.88
2018-04-25,12.31,12.49,12.34,12.24,11159.5,0.02,0.16,12.132,12.24,12.491,10261.71,12852.7,24934.21
2018-04-24,12.01,12.4,12.32,12.01,11268.0,0.34,2.84,12.104,12.278,12.472,10187.55,14495.0,25170.74
2018-04-23,11.93,12.04,11.98,11.81,8007.5,0.07,0.59,12.02,12.305,12.449,11311.95,15684.15,26069.99
2018-04-20,12.08,12.17,11.91,11.84,9446.0,-0.2,-1.65,12.1,12.34,12.493,12675.78,17096.33,26136.84
2018-04-19,12.16,12.35,12.11,12.0,11427.57,-0.09,-0.74,12.258,12.41,12.541,14919.5,21410.93,26746.12
2018-04-18,11.98,12.29,12.2,11.88,10788.7,0.3,2.52,12.348,12.521,12.595,15443.69,24676.46,26918.37
2018-04-17,12.47,12.48,11.9,11.85,16890.0,-0.48,-3.88,12.452,12.638,12.639,18802.45,32030.33,27250.48
2018-04-16,12.58,12.67,12.38,12.3,14826.62,-0.32,-2.52,12.59,12.812,12.682,20056.35,38209.95,26962.04
2018-04-13,12.68,12.88,12.7,12.62,20664.62,0.14,1.11,12.58,12.814,12.7,21516.88,37918.63,26954.42
2018-04-12,12.71,12.78,12.56,12.52,14048.5,-0.16,-1.26,12.562,12.762,12.708,27902.35,36787.52,26559.72
2018-04-11,12.59,12.94,12.72,12.5,27582.5,0.13,1.03,12.694,12.741,12.728,33909.23,37015.72,26592.77
2018-04-10,12.36,12.69,12.59,12.23,23159.5,0.26,2.11,12.824,12.665,12.749,45258.2,35846.47,26449.38
2018-04-09,12.48,12.63,12.33,12.23,22129.29,-0.28,-2.22,13.034,12.593,12.768,56363.56,36455.82,26517.43
2018-04-04,13.1,13.16,12.61,12.48,52591.95,-0.61,-4.61,13.048,12.645,12.782,54320.39,35177.34,26158.67
2018-04-03,13.05,13.39,13.22,12.82,44082.92,-0.15,-1.12,12.962,12.672,12.778,45672.7,32081.31,24276.01
2018-04-02,13.87,13.87,13.37,13.25,84327.35,-0.27,-1.98,12.788,12.668,12.756,40122.2,29160.27,22677.82
2018-03-30,13.64,13.64,13.64,13.64,78686.28,1.24,10.0,12.506,12.639,12.724,26434.74,22470.64,18943.96
2018-03-29,12.19,12.48,12.4,12.18,11913.43,0.22,1.81,12.152,12.552,12.677,16548.09,15714.12,15646.34
2018-03-28,12.27,12.35,12.18,12.13,9353.5,-0.17,-1.38,12.242,12.585,12.694,16034.3,15990.21,16054.35
2018-03-27,12.18,12.61,12.35,12.07,16330.43,0.39,3.26,12.382,12.653,12.714,18489.92,16331.92,16755.87
2018-03-26,11.76,12.04,11.96,11.17,15890.08,0.09,0.76,12.548,12.715,12.717,18198.35,16169.83,17452.42
2018-03-23,12.4,12.41,11.87,11.82,29253.0,-0.98,-7.63,12.772,12.832,12.74,18506.54,17052.28,17518.72
2018-03-22,12.84,12.98,12.85,12.73,9344.5,-0.03,-0.23,12.952,12.943,12.748,14880.15,16579.04,16576.83
2018-03-21,13.24,13.26,12.88,12.85,21631.58,-0.3,-2.28,12.928,12.919,12.721,15946.12,17139.99,16618.76
2018-03-20,12.97,13.2,13.18,12.92,14872.58,0.1,0.77,12.924,12.884,12.681,14173.92,16470.71,15885.45
2018-03-19,12.77,13.15,13.08,12.65,17431.05,0.31,2.43,12.882,12.844,12.621,14141.31,16195.37,15626.92
2018-03-16,12.73,12.88,12.77,12.6,11121.05,0.04,0.31,12.892,12.808,12.565,15598.01,15417.27,15336.69
2018-03-15,12.86,12.88,12.73,12.5,14674.32,-0.13,-1.01,12.934,12.801,12.502,18277.92,15578.56,15798.62
2018-03-14,12.99,13.12,12.86,12.79,12770.6,-0.11,-0.85,12.91,12.803,12.46,18333.86,16118.5,15987.78
2018-03-13,13.14,13.15,12.97,12.96,14709.55,-0.16,-1.22,12.844,12.775,12.407,18767.5,17179.82,16493.22
2018-03-12,12.99,13.29,13.13,12.9,24714.55,0.15,1.16,12.806,12.718,12.366,18249.43,18735.01,16661.69
2018-03-09,12.51,13.0,12.98,12.51,24520.58,0.37,2.93,12.724,12.647,12.377,15236.52,17985.16,16273.54
2018-03-08,12.54,12.65,12.61,12.36,14954.0,0.08,0.64,12.668,12.553,12.402,12879.2,16574.62,15946.37
2018-03-07,12.77,12.92,12.53,12.5,14938.82,-0.25,-1.96,12.696,12.523,12.456,13903.14,16097.52,16192.97
2018-03-06,12.8,12.95,12.78,12.68,12119.2,0.06,0.47,12.706,12.477,12.526,15592.13,15300.19,16298.43
2018-03-05,12.61,12.8,12.72,12.45,9650.0,0.02,0.16,12.63,12.398,12.614,19220.59,15058.47,16187.16
2018-03-02,12.7,12.82,12.7,12.58,12734.0,-0.05,-0.39,12.57,12.322,12.715,20733.79,15256.12,16141.24
2018-03-01,12.5,12.85,12.75,12.41,20073.7,0.17,1.35,12.438,12.203,12.818,20270.04,16018.67,16311.11
2018-02-28,12.25,12.67,12.58,12.16,23383.75,0.18,1.45,12.35,12.116,12.935,18291.9,15857.05,15853.98
2018-02-27,12.42,12.53,12.4,12.17,30261.5,-0.02,-0.16,12.248,12.038,13.065,15008.25,15806.62,15387.75
2018-02-26,12.2,12.48,12.42,12.0,17216.0,0.38,3.16,12.166,12.014,13.195,10896.35,14588.37,14339.84
2018-02-23,12.28,12.34,12.04,11.99,10415.27,-0.27,-2.19,12.074,12.106,13.322,9778.45,14561.92,14392.26
2018-02-22,12.15,12.42,12.31,11.89,10183.0,0.24,1.99,11.968,12.25,13.468,11767.3,15318.12,14305.61
2018-02-14,12.16,12.17,12.07,11.9,6965.5,0.08,0.67,11.882,12.388,13.6,13422.2,16288.42,14295.66
2018-02-13,12.0,12.18,11.99,11.9,9702.0,0.03,0.25,11.828,12.574,13.749,16604.99,17296.67,14875.85
2018-02-12,11.52,12.08,11.96,11.52,11626.5,0.45,3.91,11.862,12.83,13.918,18280.39,17315.84,15020.62
2018-02-09,11.7,11.7,11.51,11.29,20359.49,-0.37,-3.11,12.138,13.108,14.097,19345.39,17026.35,15451.62
2018-02-08,11.8,12.07,11.88,11.78,18457.5,0.08,0.68,12.532,13.432,14.316,18868.95,16603.56,15330.24
2018-02-07,12.38,12.46,11.8,11.25,22879.45,-0.36,-2.96,12.894,13.754,14.507,19154.65,15850.92,15455.55
2018-02-06,13.2,13.2,12.16,12.11,18079.0,-1.18,-8.85,13.32,14.091,14.703,17988.36,14968.88,15215.95
2018-02-05,13.2,13.69,13.34,13.17,16951.5,-0.14,-1.04,13.798,14.376,14.883,16351.3,14091.31,15983.96
2018-02-02,13.52,13.66,13.48,13.01,17977.29,-0.21,-1.53,14.078,14.537,15.026,14707.32,14222.61,19124.94
2018-02-01,13.89,13.9,13.69,13.38,19886.0,-0.24,-1.72,14.332,14.685,15.111,14338.16,13293.1,18903.7
2018-01-31,14.49,14.49,13.93,13.9,17048.0,-0.62,-4.26,14.614,14.812,15.194,12547.18,12302.9,18542.35
2018-01-30,14.74,14.78,14.55,14.48,9893.71,-0.19,-1.29,14.862,14.924,15.269,11949.4,12455.03,18321.02
2018-01-29,14.74,14.87,14.74,14.7,8731.6,-0.01,-0.07,14.954,15.005,15.306,11831.31,12725.4,18328.28
2018-01-26,15.07,15.14,14.75,14.75,16131.5,-0.35,-2.32,14.996,15.085,15.334,13737.89,13876.89,18169.2
2018-01-25,15.11,15.34,15.1,15.09,10931.1,-0.07,-0.46,15.038,15.199,15.353,12248.04,14056.93,17894.95
2018-01-24,14.95,15.22,15.17,14.89,14059.1,0.16,1.07,15.01,15.26,15.358,12058.62,15060.19,17843.45
2018-01-23,14.94,15.06,15.01,14.88,9303.25,0.06,0.4,14.986,15.314,15.362,12960.65,15463.03,17785.07
2018-01-22,14.9,15.15,14.95,14.66,18264.5,-0.01,-0.07,15.056,15.39,15.359,13619.48,17876.61,17873.58
2018-01-19,14.96,15.09,14.96,14.9,8682.25,0.0,0.0,15.174,15.515,15.351,14015.89,24027.28,17322.33
2018-01-18,15.0,15.26,14.96,14.95,9984.0,-0.09,-0.6,15.36,15.537,15.342,15865.81,24514.29,17355.07
2018-01-17,15.34,15.4,15.05,14.71,18569.25,-0.31,-2.02,15.51,15.575,15.337,18061.75,24781.8,17283.07
2018-01-16,15.54,15.65,15.36,15.3,12597.4,-0.18,-1.16,15.642,15.613,15.342,17965.4,24187.01,16905.86
2018-01-15,15.99,16.09,15.54,15.39,20246.56,-0.35,-2.2,15.724,15.607,15.33,22133.73,23931.17,16911.47
2018-01-12,15.75,15.95,15.89,15.65,17931.85,0.18,1.15,15.856,15.582,15.327,34038.67,22461.51,16700.79
2018-01-11,15.71,15.75,15.71,15.47,20963.69,0.0,0.0,15.714,15.507,15.304,33162.77,21732.97,17312.35
2018-01-10,15.67,15.8,15.71,15.46,18087.5,-0.06,-0.38,15.64,15.455,15.253,31501.84,20626.72,16500.11
2018-01-09,16.0,16.08,15.77,15.66,33439.05,-0.43,-2.65,15.584,15.409,15.196,30408.62,20107.12,15958.19
2018-01-08,15.18,16.4,16.2,15.1,79771.24,1.02,6.72,15.49,15.327,15.148,25728.61,17870.56,14638.23
2018-01-05,15.21,15.37,15.18,15.14,13552.37,-0.16,-1.04,15.308,15.187,15.073,10884.36,10617.39,10983.05
2018-01-04,15.34,15.43,15.34,15.14,12659.05,-0.09,-0.58,15.3,15.147,15.042,10303.17,10195.85,10605.0
2018-01-03,15.29,15.47,15.43,15.18,12621.37,0.13,0.85,15.27,15.098,15.009,9751.6,9784.35,10375.9
2018-01-02,15.18,15.4,15.3,15.15,10039.0,0.01,0.07,15.234,15.071,14.965,9805.62,9624.71,10273.31
2017-12-29,15.14,15.3,15.29,15.14,5550.0,0.15,0.99,15.164,15.052,14.946,10012.52,9891.76,10128.03
2017-12-28,15.11,15.39,15.14,15.11,10646.42,-0.05,-0.33,15.066,15.072,14.936,10350.42,10940.06,10233.63
2017-12-27,15.24,15.3,15.19,15.11,9901.19,-0.06,-0.39,14.994,15.1,14.92,10088.54,12891.72,10437.11
2017-12-26,15.01,15.27,15.25,14.77,12891.5,0.3,2.01,14.926,15.051,14.911,9817.1,12373.5,10679.98
2017-12-25,14.85,14.99,14.95,14.49,11073.5,0.15,1.01,14.908,14.982,14.922,9443.81,11809.25,10397.73
2017-12-22,14.78,14.93,14.8,14.72,7239.5,0.02,0.14,14.94,14.968,14.943,9771.01,11405.9,10333.78
2017-12-21,14.83,14.92,14.78,14.64,9337.0,-0.07,-0.47,15.078,14.958,14.984,11529.71,11348.7,10817.2
2017-12-20,15.25,15.27,14.85,14.85,8544.0,-0.31,-2.04,15.206,14.936,15.005,15694.91,11014.15,10809.46
2017-12-19,15.18,15.39,15.16,15.06,11025.03,0.05,0.33,15.176,14.92,15.034,14929.91,10967.45,10805.57
2017-12-18,15.41,15.44,15.11,15.06,12709.5,-0.38,-2.45,15.056,14.859,15.053,14174.7,10921.91,11186.51
2017-12-15,15.3,15.58,15.49,15.18,16033.0,0.07,0.45,14.996,14.839,15.072,13040.8,10364.31,11361.42
2017-12-14,14.7,15.92,15.42,14.63,30163.0,0.72,4.9,14.838,14.799,15.049,11167.7,9527.21,11396.82
2017-12-13,14.51,14.74,14.7,14.51,4719.0,0.14,0.96,14.666,14.74,15.031,6333.4,7982.51,10745.72
2017-12-12,14.75,14.86,14.56,14.53,7249.0,-0.25,-1.69,14.664,14.77,15.033,7005.0,8986.46,11609.78
2017-12-11,14.67,14.96,14.81,14.62,7040.0,0.11,0.75,14.662,14.862,15.054,7669.12,8986.21,12429.67
2017-12-08,14.58,14.8,14.7,14.52,6667.5,0.14,0.96,14.682,14.917,15.089,7687.81,9261.66,12692.16
2017-12-07,14.6,14.73,14.56,14.48,5991.5,-0.13,-0.89,14.76,15.009,15.139,7886.71,10285.7,12949.5
2017-12-06,14.41,14.7,14.69,14.27,8077.0,0.14,0.96,14.814,15.073,15.2,9631.61,10604.77,13300.61
2017-12-05,14.85,14.99,14.55,14.4,10569.6,-0.36,-2.41,14.876,15.147,15.256,10967.91,10643.69,13743.89
2017-12-04,15.15,15.15,14.91,14.89,7133.45,-0.18,-1.19,15.062,15.247,15.31,10303.3,11451.11,13929.71
2017-12-01,14.89,15.17,15.09,14.89,7662.0,0.26,1.75,15.152,15.304,15.343,10835.52,12358.53,14633.39
2017-11-30,14.93,15.19,14.83,14.83,14716.02,-0.17,-1.13,15.258,15.299,15.381,12684.69,13266.44,14776.47
2017-11-29,15.45,15.46,15.0,14.93,14758.5,-0.48,-3.1,15.332,15.321,15.437,11577.92,13508.94,14742.03
2017-11-28,15.36,15.52,15.48,15.3,7246.52,0.12,0.78,15.418,15.295,15.497,10319.46,14233.1,14775.5
2017-11-27,15.62,15.72,15.36,15.35,9794.55,-0.26,-1.67,15.432,15.246,15.529,12598.93,15873.14,14976.81
2017-11-24,15.05,15.74,15.62,15.05,16907.84,0.42,2.76,15.456,15.26,15.56,13881.55,16122.66,15405.54
2017-11-23,15.59,15.59,15.2,15.08,9182.19,-0.23,-1.49,15.34,15.268,15.596,13848.19,15613.3,15602.05
2017-11-22,15.4,15.65,15.43,15.37,8466.19,-0.12,-0.77,15.31,15.327,15.664,15439.96,15996.45,16760.34
2017-11-21,15.88,15.96,15.55,15.52,18643.88,0.07,0.45,15.172,15.364,15.704,18146.75,16844.1,17037.45
2017-11-20,14.98,15.99,15.48,14.61,16207.65,0.44,2.93,15.06,15.373,15.723,19147.34,16408.31,16772.36
2017-11-17,15.03,15.15,15.04,14.82,16741.05,-0.01,-0.07,15.064,15.382,15.757,18363.76,16908.24,16603.55
2017-11-16,14.81,15.2,15.05,14.73,17141.01,0.31,2.1,15.196,15.462,15.817,17378.4,16286.49,16331.87
2017-11-15,14.9,14.9,14.74,14.57,22000.15,-0.25,-1.67,15.344,15.553,15.866,16552.93,15975.12,16112.9
2017-11-14,15.5,15.57,14.99,14.97,23646.84,-0.51,-3.29,15.556,15.699,15.934,15541.45,15317.89,15936.24
2017-11-13,15.77,15.78,15.5,15.5,12289.75,-0.2,-1.27,15.686,15.812,15.993,13669.28,14080.49,15782.96
2017-11-10,15.79,15.8,15.7,15.61,11814.24,-0.09,-0.57,15.7,15.859,16.035,15452.73,14688.42,17030.05
2017-11-09,15.71,15.9,15.79,15.62,13013.69,-0.01,-0.06,15.728,15.924,16.111,15194.58,15590.8,17254.36
2017-11-08,15.67,15.95,15.8,15.61,16942.72,0.16,1.02,15.762,16.0,16.182,15397.31,17524.23,17556.9
2017-11-07,15.58,15.7,15.64,15.37,14286.0,0.07,0.45,15.842,16.043,16.257,15094.34,17230.81,17739.71
2017-11-06,15.98,15.98,15.57,15.38,21206.99,-0.27,-1.71,15.938,16.073,16.344,14491.71,17136.41,18218.66
2017-11-03,15.87,16.09,15.84,15.8,10523.52,-0.12,-0.75,16.018,16.132,16.415,13924.11,16298.86,17979.15
2017-11-02,16.2,16.2,15.96,15.92,14027.34,-0.24,-1.48,16.12,16.172,16.466,15987.01,16377.26,18270.8
2017-11-01,16.06,16.21,16.2,16.04,15427.84,0.08,0.5,16.238,16.179,16.503,19651.14,16250.67,18520.63
2017-10-31,15.97,16.15,16.12,15.91,11272.85,0.15,0.94,16.244,16.168,16.544,19367.27,16554.59,18545.18
2017-10-30,16.33,16.38,15.97,15.92,18369.02,-0.38,-2.32,16.208,16.173,16.587,19781.1,17485.43,18909.32
2017-10-27,16.49,16.6,16.35,16.31,20838.0,-0.2,-1.21,16.246,16.211,16.653,18673.6,19371.68,18532.39
2017-10-26,16.23,16.57,16.55,16.1,32348.0,0.32,1.97,16.224,16.298,16.708,16767.5,18917.91,18143.88
2017-10-25,15.9,16.25,16.23,15.84,14008.5,0.29,1.82,16.12,16.364,16.761,12850.2,17589.57,17361.18
2017-10-24,16.16,16.16,15.94,15.84,13342.0,-0.22,-1.36,16.092,16.471,16.846,13741.9,18248.62,17405.95
2017-10-23,16.23,16.26,16.16,16.01,12831.5,-0.08,-0.49,16.138,16.615,16.947,15189.76,19300.92,17566.54
2017-10-20,16.15,16.24,16.24,16.01,11307.5,0.21,1.31,16.176,16.698,17.047,20069.76,19659.44,17543.39
2017-10-19,16.09,16.22,16.03,15.9,12761.5,-0.06,-0.37,16.372,16.759,17.147,21068.33,20164.35,17533.97
2017-10-18,16.17,16.28,16.09,16.0,18467.0,-0.08,-0.49,16.608,16.827,17.252,22328.93,20790.58,17643.62
2017-10-17,16.38,16.44,16.17,16.09,20581.29,-0.18,-1.1,16.85,16.92,17.357,22755.34,20535.78,17346.79
2017-10-16,17.08,17.11,16.35,16.3,37231.5,-0.87,-5.05,17.092,17.0,17.467,23412.08,20333.2,17725.68
2017-10-13,17.11,17.23,17.22,17.06,16300.35,0.01,0.06,17.22,17.095,17.559,19249.12,17693.1,16508.58
2017-10-12,17.3,17.37,17.21,17.01,19064.53,-0.09,-0.52,17.146,17.117,17.608,19260.38,17369.84,16370.41
2017-10-11,17.36,17.38,17.3,17.14,20599.01,-0.08,-0.46,17.046,17.157,17.654,19252.23,17132.79,16646.84
2017-10-10,16.9,17.38,17.38,16.86,23865.0,0.39,2.29,16.99,17.22,17.71,18316.23,16563.29,16447.26
2017-10-09,17.03,17.2,16.99,16.9,16416.69,0.14,0.83,16.908,17.279,17.766,17254.33,15832.17,16600.75
2017-09-29,16.71,16.96,16.85,16.7,16356.66,0.14,0.84,16.97,17.396,17.832,16137.09,15427.35,16721.04
2017-09-28,17.01,17.03,16.71,16.67,19023.81,-0.31,-1.82,17.088,17.534,17.911,15479.31,14903.59,16979.32
2017-09-27,17.0,17.15,17.02,16.88,15918.97,0.05,0.29,17.268,17.676,18.004,15013.34,14496.66,18768.22
2017-09-26,17.25,17.39,16.97,16.81,18555.5,-0.33,-1.91,17.45,17.793,18.028,14810.35,14157.81,18562.01
2017-09-25,17.46,17.59,17.3,17.21,10830.5,-0.14,-0.8,17.65,17.934,18.059,14410.02,15118.16,18338.99
2017-09-22,17.58,17.68,17.44,17.3,13067.75,-0.17,-0.96,17.822,18.023,18.081,14717.62,15324.06,19149.88
2017-09-21,17.84,18.01,17.61,17.61,16694.0,-0.32,-1.78,17.98,18.098,18.082,14327.87,15370.98,19211.24
2017-09-20,17.99,17.99,17.93,17.76,14904.0,-0.04,-0.22,18.084,18.15,18.071,13979.97,16160.89,18900.84
2017-09-19,18.16,18.21,17.97,17.79,16553.83,-0.19,-1.05,18.136,18.199,18.046,13505.27,16331.23,18753.54
2017-09-18,18.23,18.27,18.16,18.07,12368.5,-0.07,-0.38,18.218,18.252,18.018,15826.3,17369.33,18847.32
2017-09-15,18.07,18.33,18.23,18.01,11119.0,0.1,0.55,18.224,18.268,17.995,15930.5,18014.73,18765.29
2017-09-14,18.22,18.44,18.13,18.06,14954.5,-0.06,-0.33,18.216,18.288,17.971,16414.1,19055.05,18914.94
2017-09-13,18.38,18.39,18.19,18.04,12530.5,-0.19,-1.03,18.216,18.332,17.951,18341.81,23039.79,19861.96
2017-09-12,18.23,18.6,18.38,18.18,28159.0,0.19,1.04,18.262,18.262,17.915,19157.19,22966.22,20890.98
2017-09-11,18.2,18.3,18.19,18.06,12889.5,0.0,0.0,18.286,18.184,17.842,18912.36,21559.82,20164.54
2017-09-08,18.09,18.26,18.19,18.01,13537.0,0.06,0.33,18.312,18.138,17.781,20098.96,22975.7,20149.54
2017-09-07,18.43,18.59,18.13,18.12,24593.07,-0.29,-1.57,18.36,18.066,17.704,21696.0,23051.5,20028.37
2017-09-06,18.41,18.48,18.42,18.21,16607.38,-0.08,-0.43,18.448,17.992,17.632,27737.77,21640.79,20113.07
2017-09-05,18.38,18.68,18.5,18.3,26934.85,0.18,0.98,18.262,17.893,17.569,26775.25,21175.85,20376.85
2017-09-04,18.28,18.56,18.32,18.25,18822.5,-0.11,-0.6,18.082,17.783,17.512,24207.28,20325.31,20299.87
2017-09-01,18.57,18.58,18.43,18.31,21522.2,-0.14,-0.75,17.964,17.721,17.43,25852.44,19515.86,19635.07
2017-08-31,17.59,18.6,18.57,17.5,54801.91,1.08,6.17,17.772,17.653,17.341,24406.99,18774.84,18914.71
2017-08-30,17.53,17.67,17.49,17.42,11794.78,-0.11,-0.62,17.536,17.57,17.25,15543.81,16684.13,16676.12
2017-08-29,17.8,17.92,17.6,17.55,14095.0,-0.13,-0.73,17.524,17.567,17.214,15576.46,18815.73,16829.56
2017-08-28,17.5,17.91,17.73,17.5,27048.33,0.26,1.49,17.484,17.499,17.188,16443.34,18769.26,16618.21
2017-08-25,17.42,17.58,17.47,17.33,14294.95,0.08,0.46,17.478,17.424,17.156,13179.27,17323.38,15901.74
2017-08-24,17.35,17.54,17.39,17.23,10486.0,-0.04,-0.23,17.534,17.341,17.147,13142.68,17005.24,15921.06
2017-08-23,17.4,17.53,17.43,17.28,11958.0,0.03,0.17,17.604,17.271,17.15,17824.45,18585.35,16268.8
2017-08-22,17.7,17.74,17.4,17.31,18429.4,-0.3,-1.7,17.61,17.245,17.127,22055.01,19577.84,16003.87
2017-08-21,17.74,17.75,17.7,17.59,10728.0,-0.05,-0.28,17.514,17.24,17.118,21095.19,20274.44,15616.33
2017-08-18,17.65,17.82,17.75,17.57,14112.0,0.01,0.06,17.37,17.138,17.091,21467.49,19754.29,15982.03
2017-08-17,17.45,18.0,17.74,17.35,33894.85,0.28,1.6,17.148,17.028,17.03,20867.79,19054.57,16018.48
2017-08-16,16.93,17.55,17.46,16.86,33110.8,0.54,3.19,16.938,16.93,16.986,19346.26,16668.12,15354.56
2017-08-15,17.16,17.16,16.92,16.81,13630.3,-0.06,-0.35,16.88,16.861,16.96,17100.67,14843.39,14536.22
2017-08-14,16.87,17.05,16.98,16.63,12589.5,0.34,2.04,16.966,16.877,16.97,19453.68,14467.16,14533.39
2017-08-11,16.68,16.87,16.64,16.51,11113.5,-0.05,-0.3,16.906,16.888,16.965,18041.08,14480.11,14920.04
2017-08-10,17.11,17.26,16.69,16.58,26287.19,-0.48,-2.8,16.908,16.953,17.009,17241.36,14836.89,15131.63
2017-08-09,17.27,17.61,17.17,17.1,21882.87,-0.18,-1.04,16.922,17.028,17.075,13989.97,13952.25,14116.62
2017-08-08,16.7,17.35,17.35,16.61,25395.35,0.67,4.02,16.842,17.008,17.121,12586.1,12429.9,13469.45
2017-08-07,16.6,16.84,16.68,16.5,5526.5,0.03,0.18,16.788,16.996,17.152,9480.63,10958.21,12701.3
2017-08-04,16.75,16.79,16.65,16.61,7114.87,-0.11,-0.66,16.87,17.043,17.228,10919.13,12209.76,13074.8
2017-08-03,16.71,17.07,16.76,16.56,10030.27,-0.01,-0.06,16.998,17.032,17.323,12432.43,12982.38,13389.78
2017-08-02,17.09,17.09,16.77,16.74,14863.5,-0.31,-1.81,17.134,17.041,17.405,13914.53,14041.0,14006.02
2017-08-01,17.06,17.15,17.08,16.93,9868.03,-0.01,-0.06,17.174,17.059,17.503,12273.7,14229.06,14122.0
2017-07-31,17.29,17.48,17.09,17.05,12719.0,-0.2,-1.16,17.204,17.063,17.559,12435.79,14599.63,13990.25
2017-07-28,17.45,17.58,17.29,17.23,14681.35,-0.15,-0.86,17.216,17.042,17.62,13500.39,15359.97,13751.35
2017-07-27,16.94,17.55,17.44,16.87,17440.77,0.47,2.77,17.066,17.065,17.664,13532.32,15426.37,13391.3
2017-07-26,17.2,17.33,16.97,16.91,6659.35,-0.26,-1.51,16.948,17.121,17.71,14167.47,14280.99,13274.33
2017-07-25,17.11,17.24,17.23,16.9,10678.5,0.08,0.47,16.944,17.234,17.751,16184.43,14509.01,13611.38
2017-07-24,16.51,17.19,17.15,16.41,18042.0,0.61,3.69,16.922,17.307,17.799,16763.46,14444.39,13592.06
2017-07-21,16.9,16.9,16.54,16.48,14841.0,-0.31,-1.84,16.868,17.413,17.862,17219.54,13939.84,13250.22
2017-07-20,16.9,17.06,16.85,16.81,20616.5,-0.1,-0.59,17.064,17.614,17.938,17320.42,13797.19,13199.3
2017-07-19,17.09,17.09,16.95,16.78,16744.13,-0.17,-0.99,17.294,17.769,18.008,14394.52,13971.04,12978.4
2017-07-18,16.86,17.31,17.12,16.66,13573.65,0.24,1.42,17.524,17.946,18.105,12833.59,14014.94,12733.01
2017-07-17,17.4,17.51,16.88,16.62,20322.4,-0.64,-3.65,17.692,18.054,18.196,12125.32,13380.88,12572.84
2017-07-14,17.8,17.85,17.52,17.5,15345.4,-0.48,-2.67,17.958,18.197,18.308,10660.14,12142.73,11984.07
2017-07-13,18.19,18.19,18.0,17.9,5987.0,-0.1,-0.55,18.164,18.263,18.394,10273.96,11356.24,11719.1
2017-07-12,17.96,18.12,18.1,17.76,8939.5,0.14,0.78,18.244,18.298,18.454,13547.56,12267.66,12254.48
2017-07-11,18.18,18.23,17.96,17.96,10032.31,-0.25,-1.37,18.368,18.268,18.499,15196.29,12713.75,12442.14
2017-07-10,18.58,18.59,18.21,18.14,12996.5,-0.34,-1.83,18.416,18.291,18.551,14636.43,12739.74,12685.29
2017-07-07,18.33,18.75,18.55,18.33,13414.5,0.15,0.81,18.436,18.311,18.55,13625.31,12560.61,12547.29
2017-07-06,18.66,18.98,18.4,18.2,22355.0,-0.32,-1.71,18.362,18.261,18.567,12438.51,12601.41,12320.7
2017-07-05,18.23,18.72,18.72,18.11,17183.16,0.52,2.86,18.352,18.246,18.592,10987.75,11985.75,12078.84
2017-07-04,18.33,18.39,18.2,18.13,7233.0,-0.11,-0.6,18.168,18.263,18.606,10231.21,11451.07,12197.66
2017-07-03,18.01,18.39,18.31,18.0,7940.91,0.13,0.71,18.166,18.337,18.613,10843.05,11764.81,12426.1
2017-06-30,18.34,18.34,18.18,17.91,7480.5,-0.17,-0.93,18.186,18.418,18.602,11495.9,11825.41,12449.6
2017-06-29,17.89,18.41,18.35,17.8,15101.2,0.55,3.09,18.16,18.525,18.586,12764.3,12081.96,12640.27
2017-06-28,18.05,18.18,17.8,17.8,13400.45,-0.39,-2.14,18.14,18.61,18.55,12983.75,12241.29,13120.06
2017-06-27,18.47,18.49,18.19,18.08,10292.18,-0.22,-1.2,18.358,18.73,18.608,12670.93,12170.53,13245.92
2017-06-26,18.01,18.43,18.41,17.81,11205.15,0.36,1.99,18.508,18.811,18.659,12686.56,12630.84,13372.16
2017-06-23,18.59,18.59,18.05,17.76,13822.5,-0.2,-1.1,18.65,18.789,18.694,12154.93,12533.98,13522.05
2017-06-22,18.91,18.97,18.25,18.08,16198.48,-0.64,-3.39,18.89,18.873,18.745,11399.63,12040.0,13432.15
2017-06-21,18.89,19.08,18.89,18.68,11836.34,-0.05,-0.26,19.08,18.938,18.778,11498.84,12171.93,13542.75
2017-06-20,19.15,19.26,18.94,18.9,10370.34,-0.18,-0.94,19.102,18.949,18.819,11670.12,12944.25,13503.1
2017-06-19,19.17,19.31,19.12,19.07,8547.0,-0.13,-0.68,19.114,18.889,18.872,12575.12,13087.39,13490.83
2017-06-16,19.15,19.35,19.25,19.0,10046.0,0.05,0.26,18.928,18.785,18.916,12913.02,13073.79,13715.5
2017-06-15,18.99,19.5,19.2,18.95,16694.5,0.2,1.05,18.856,18.647,18.976,12680.37,13198.57,14201.7
2017-06-14,19.0,19.1,19.0,18.7,12692.78,0.0,0.0,18.796,18.489,19.04,12845.03,13998.82,14402.37
2017-06-13,18.19,19.06,19.0,18.19,14895.31,0.81,4.45,18.796,18.486,19.075,14218.38,14321.31,14553.06
2017-06-12,18.8,18.8,18.19,17.98,10236.5,-0.7,-3.71,18.664,18.506,19.132,13599.67,14113.48,14303.18
2017-06-09,18.83,19.0,18.89,18.66,8882.78,-0.01,-0.05,18.642,18.599,19.236,13234.57,14510.13,14739.83
2017-06-08,19.0,19.17,18.9,18.75,17517.78,-0.1,-0.53,18.438,18.617,19.303,13716.76,14824.3,15083.58
2017-06-07,18.22,19.17,19.0,18.21,19559.52,0.66,3.6,18.182,18.618,19.408,15152.6,14913.57,14829.46
2017-06-06,18.12,18.45,18.34,18.0,11801.75,0.26,1.44,18.176,18.689,19.497,14424.24,14061.94,14732.64
2017-06-05,17.87,18.3,18.08,17.77,8411.0,0.21,1.18,18.348,18.855,19.652,14627.29,13894.27,15126.49
2017-06-02,17.65,18.09,17.87,17.35,11293.75,0.25,1.42,18.556,19.047,19.848,15785.69,14357.22,16056.56
2017-06-01,18.8,18.8,17.62,17.53,24697.0,-1.35,-7.12,18.796,19.305,20.065,15931.84,15204.84,17954.35
2017-05-31,19.5,19.63,18.97,18.9,15917.7,-0.23,-1.2,19.054,19.59,20.263,14674.54,14805.92,18080.03
2017-05-26,19.11,19.24,19.2,18.97,12817.0,0.08,0.42,19.202,19.663,20.392,13699.64,14784.82,20371.6
2017-05-25,19.01,19.32,19.12,18.6,14203.0,0.05,0.26,19.362,19.758,20.476,13161.24,14492.89,20759.64
2017-05-24,18.9,19.25,19.07,18.58,12024.5,0.16,0.85,19.538,19.872,20.562,12928.74,14969.53,20895.32
2017-05-23,19.71,19.74,18.91,18.91,18410.5,-0.8,-4.06,19.814,19.988,20.647,14477.83,15342.85,21852.18
2017-05-22,20.37,20.37,19.71,19.61,11043.22,-0.29,-1.45,20.126,20.198,20.695,14937.3,14745.35,21913.93
2017-05-19,20.0,20.3,20.0,19.86,10125.0,0.0,0.0,20.124,20.304,22.279,15869.99,15403.33,21832.33
2017-05-18,20.2,20.48,20.0,19.9,13040.5,-0.45,-2.2,20.154,20.449,23.931,15824.53,16358.71,21681.98
2017-05-17,20.6,20.77,20.45,20.29,19769.95,-0.02,-0.1,20.206,20.649,25.585,17010.31,17755.91,21374.95
2017-05-16,19.94,20.58,20.47,19.68,20707.82,0.77,3.91,20.162,20.824,27.205,16207.87,20703.87,20970.57
2017-05-15,20.15,20.26,19.7,19.7,15706.7,-0.45,-2.23,20.27,20.936,28.767,14553.41,21354.14,20605.45
2017-05-12,19.98,20.36,20.15,19.98,9897.67,-0.11,-0.54,20.484,21.121,30.53,14936.67,25958.38,20185.81
2017-05-11,20.01,20.4,20.26,19.52,18969.42,0.03,0.15,20.744,21.194,32.276,16892.9,27026.4,20071.55
2017-05-10,21.01,21.1,20.23,20.21,15757.75,-0.78,-3.71,21.092,21.251,34.043,18501.51,26821.11,19502.96
2017-05-09,20.75,21.2,21.01,20.5,12435.5,0.24,1.16,21.486,21.306,35.831,25199.86,28361.51,19268.94
2017-05-08,21.39,21.39,20.77,20.61,17623.0,-0.68,-3.17,21.602,21.191,37.592,28154.86,29082.5,19822.75
2017-05-05,22.0,22.0,21.45,21.4,19678.82,-0.55,-2.5,21.758,24.253,39.488,36980.09,28261.34,19243.32
2017-05-04,22.0,22.13,22.0,21.7,27012.49,-0.2,-0.9,21.644,27.413,41.35,37159.9,27005.25,18703.44
2017-05-03,21.63,22.28,22.2,21.41,49249.5,0.61,2.83,21.41,30.52,43.186,35140.7,24993.99,17976.52
2017-05-02,21.2,21.9,21.59,21.15,27210.5,0.04,0.19,21.126,33.586,44.942,31523.16,21237.28,15996.22
2017-04-28,20.8,22.25,21.55,19.9,61749.12,0.67,3.21,20.78,36.597,46.717,30010.15,19856.76,15724.41
2017-04-27,20.69,21.0,20.88,20.0,20577.89,0.05,0.24,26.748,39.938,48.564,19542.58,14413.24,13515.11
2017-04-26,20.54,20.99,20.83,20.51,16916.5,0.05,0.24,33.182,43.357,50.529,16850.61,13116.7,13036.27
2017-04-25,19.89,21.65,20.78,19.68,31161.77,0.92,4.63,39.63,46.834,52.525,14847.28,12184.81,13207.1
2017-04-24,20.1,20.28,19.86,19.4,19645.45,-0.6,-2.93,46.046,50.356,54.602,10951.4,10176.36,12166.03
2017-04-21,53.0,53.37,51.39,51.2,9411.31,-1.66,-3.13,52.414,53.992,56.735,9703.37,10562.99,11959.5
2017-04-20,52.99,53.79,53.05,52.6,7118.0,-0.02,-0.04,53.128,54.722,57.287,9283.9,10225.3,12360.21
2017-04-19,52.33,53.09,53.07,51.5,6899.87,0.21,0.4,53.532,55.286,57.769,9382.78,10401.63,12670.9
2017-04-18,52.0,54.3,52.86,52.0,11682.37,1.16,2.24,54.038,55.852,58.258,9522.34,10959.05,13412.28
2017-04-17,54.49,54.49,51.7,51.2,13405.28,-3.26,-5.93,54.666,56.297,58.803,9401.33,10755.16,15793.14
2017-04-14,55.07,55.45,54.96,54.71,7314.0,-0.11,-0.2,55.57,56.837,59.559,11422.61,11592.07,16730.44
2017-04-13,55.6,56.07,55.07,55.0,7612.4,-0.53,-0.95,56.316,57.189,60.06,11166.69,12616.98,17462.44
2017-04-12,56.05,56.2,55.6,55.21,7597.66,-0.4,-0.71,57.04,57.7,60.497,11420.48,12955.84,17886.76
2017-04-11,56.16,56.37,56.0,55.0,11077.29,-0.22,-0.39,57.666,58.216,60.919,12395.76,14229.4,18646.45
2017-04-10,58.69,58.69,56.22,54.67,23511.71,-2.47,-4.21,57.928,58.847,61.252,12108.99,14155.7,19145.24
2017-04-07,58.57,58.9,58.69,58.3,6034.37,0.0,0.0,58.104,59.477,61.481,11761.52,13356.01,18588.42
2017-04-06,58.75,58.99,58.69,58.22,8881.35,-0.04,-0.07,58.062,59.851,61.624,14067.28,14495.13,19002.9
2017-04-05,57.31,59.3,58.73,57.31,12474.1,1.42,2.48,58.36,60.252,61.799,14491.2,14940.18,19064.12
2017-03-31,57.1,57.39,57.31,56.59,9643.42,0.21,0.37,58.766,60.663,61.966,16063.03,15865.51,19172.36
2017-03-30,58.46,58.47,57.1,56.06,21774.38,-1.38,-2.36,59.766,61.308,62.187,16202.4,20831.13,19685.85
2017-03-29,60.44,60.44,58.48,58.48,17563.15,-1.7,-2.83,60.85,62.28,62.327,14950.5,21868.81,19014.67
2017-03-28,60.76,61.15,60.18,60.06,11000.95,-0.58,-0.95,61.64,62.931,62.408,14922.98,22307.9,18675.75
2017-03-27,62.31,62.54,60.76,60.41,20333.24,-1.55,-2.49,62.144,63.294,62.416,15389.16,22817.69,18744.1
2017-03-24,62.53,62.95,62.31,62.06,10340.29,-0.21,-0.34,62.56,63.621,62.346,15667.99,23063.5,18204.07
2017-03-23,62.26,63.0,62.52,61.8,15514.87,0.09,0.14,62.85,63.657,62.241,25459.85,24134.79,18247.31
2017-03-22,62.31,62.63,62.43,61.66,17425.53,-0.27,-0.43,63.71,63.484,62.115,28787.11,23820.82,18149.71
2017-03-21,62.92,63.27,62.7,62.25,13331.86,-0.14,-0.22,64.222,63.397,61.981,29692.82,23510.67,17840.7
2017-03-20,63.28,63.28,62.84,62.01,21727.4,-0.92,-1.44,64.444,63.346,61.809,30246.22,23188.06,17847.52
2017-03-17,65.6,65.6,63.76,63.7,59299.6,-3.06,-4.58,64.682,63.268,61.585,30459.01,22479.2,17277.82
2017-03-16,65.05,66.82,66.82,64.55,32151.16,1.83,2.82,64.464,63.065,61.241,22809.73,18540.57,14981.55
2017-03-15,63.81,65.2,64.99,63.41,21954.08,1.18,1.85,63.258,62.374,60.835,18854.53,16160.53,13859.07
2017-03-14,64.15,64.28,63.81,63.17,16098.84,-0.22,-0.34,62.572,61.885,60.533,17328.51,15043.6,13277.81
2017-03-13,62.81,64.13,64.03,62.81,22791.36,1.36,2.17,62.248,61.537,60.348,16129.9,14670.5,12805.57
2017-03-10,60.83,62.89,62.67,60.6,21053.22,1.88,3.09,61.854,61.071,60.15,14499.4,13344.65,12373.59
2017-03-09,61.62,61.75,60.79,60.4,12375.13,-0.77,-1.25,61.666,60.824,59.961,14271.41,12359.82,11726.59
2017-03-08,62.1,62.1,61.56,61.01,14324.0,-0.63,-1.01,61.49,60.745,59.915,13466.53,12478.61,11722.41
2017-03-07,61.69,62.22,62.19,61.5,10105.79,0.13,0.21,61.198,60.564,59.807,12758.69,12170.73,11430.68
2017-03-06,61.72,62.61,62.06,61.5,14638.86,0.33,0.54,60.826,60.271,59.648,13211.11,12506.98,11395.62
2017-03-03,59.9,61.99,61.73,59.6,19913.28,1.82,3.04,60.288,59.901,59.545,12189.89,12076.44,11024.68
2017-03-02,60.1,60.48,59.91,59.52,8350.72,-0.19,-0.32,59.982,59.417,59.441,10448.22,11422.53,10422.86
2017-03-01,60.32,60.89,60.1,60.0,10784.79,-0.23,-0.38,60.0,59.296,59.445,11490.69,11557.61,10005.42
2017-02-28,59.39,60.4,60.33,59.25,12367.88,0.96,1.62,59.93,59.181,59.44,11582.77,11512.01,9861.03
2017-02-27,59.92,60.18,59.37,59.3,9532.78,-0.83,-1.38,59.716,59.159,59.396,11802.85,10940.63,9952.29
2017-02-24,60.3,60.68,60.2,59.68,11204.95,0.2,0.33,59.514,59.228,59.306,11962.99,11402.53,9798.28
2017-02-23,59.53,60.35,60.0,58.85,13563.06,0.25,0.42,58.852,59.097,59.22,12396.83,11093.36,9674.63
2017-02-22,59.4,60.3,59.75,59.4,11245.18,0.49,0.83,58.592,59.085,59.12,11624.53,10966.2,9654.1
2017-02-21,58.6,59.72,59.26,58.16,13468.27,0.9,1.54,58.432,59.05,58.952,11441.25,10690.63,9690.14
2017-02-20,56.49,58.49,58.36,56.49,10333.5,1.47,2.58,58.602,59.025,58.813,10078.42,10284.26,9432.67
2017-02-17,58.69,58.89,56.89,56.47,13374.14,-1.81,-3.08,58.942,59.188,58.782,10842.08,9972.92,9690.23
2017-02-16,58.76,59.32,58.7,58.43,9701.57,-0.25,-0.42,59.342,59.465,58.738,9789.9,9423.19,10026.21
2017-02-15,60.12,60.46,58.95,58.9,10328.79,-1.16,-1.93,59.578,59.594,58.707,10307.87,8453.23,11380.3
2017-02-14,59.87,60.38,60.11,59.71,6654.1,0.05,0.08,59.668,59.698,58.61,9940.0,8210.05,11186.52
2017-02-13,58.78,60.38,60.06,58.59,14151.78,1.17,1.99,59.448,59.632,58.474,10490.1,8963.94,11352.81
2017-02-10,59.88,59.88,58.89,58.84,8113.25,-0.99,-1.65,59.434,59.383,58.413,9103.77,8194.02,11050.03
2017-02-09,59.38,60.47,59.88,59.11,12291.42,0.48,0.81,59.588,59.342,58.409,9056.48,8255.9,11329.83
2017-02-08,58.99,59.48,59.4,58.5,8489.47,0.39,0.66,59.61,59.155,58.408,6598.6,8342.01,11431.39
2017-02-07,60.0,60.01,59.01,58.8,9404.58,-0.98,-1.63,59.728,58.854,58.546,6480.09,8689.64,11511.32
2017-02-06,60.0,60.35,59.99,59.26,7220.12,0.33,0.55,59.816,58.601,58.763,7437.78,8581.08,11443.07
2017-02-03,59.55,60.21,59.66,59.15,7876.82,-0.33,-0.55,59.332,58.376,58.893,7284.27,9407.55,11309.37
2017-02-02,59.99,59.99,59.99,59.99,2.0,0.0,0.0,59.096,58.01,59.024,7455.32,10629.23,11166.14
2017-01-26,59.28,60.5,59.99,59.2,7896.92,0.54,0.91,58.7,57.819,59.147,10085.41,14307.38,11499.44
2017-01-25,57.58,59.81,59.45,57.41,14193.03,1.88,3.27,57.98,57.522,59.241,10899.2,14162.99,11387.71
2017-01-24,58.49,58.49,57.57,57.42,6452.59,-0.91,-1.56,57.386,57.315,59.351,9724.38,13741.69,10913.85
2017-01-23,57.9,58.97,58.48,57.81,8732.07,0.47,0.81,57.42,57.443,59.556,11530.82,13906.03,10970.62
2017-01-20,56.0,59.3,58.01,55.99,13152.46,1.62,2.87,56.924,57.476,59.682,13803.14,14403.76,11211.88
2017-01-19,56.05,57.66,56.39,54.89,11965.84,-0.09,-0.16,56.938,57.66,59.914,18529.34,14520.77,10878.96
2017-01-18,57.33,57.73,56.48,56.21,8318.96,-1.26,-2.18,57.064,58.238,60.244,17426.79,14333.0,10590.08
2017-01-17,55.5,58.19,57.74,54.26,15484.78,1.74,3.11,57.244,58.924,60.572,17759.0,14305.06,10474.78
2017-01-16,57.57,57.85,56.0,53.35,20093.64,-2.08,-3.58,57.466,59.41,60.834,16281.24,13211.19,9941.18
2017-01-13,61.02,61.2,58.08,58.02,36783.47,1.06,1.86,58.028,60.037,61.214,15004.38,11703.05,9295.6
2017-01-12,57.38,58.19,57.02,56.87,6453.08,-0.36,-0.63,58.382,60.474,61.464,10512.19,8691.5,7998.48
2017-01-11,58.71,58.71,57.38,57.0,9980.01,-1.47,-2.5,59.412,60.959,61.72,11239.2,8612.42,8163.94
2017-01-10,58.8,59.65,58.85,58.65,8095.99,0.04,0.07,60.604,61.386,61.991,10851.13,8086.02,8259.72
2017-01-09,59.25,59.83,58.81,57.23,13709.37,-1.04,-1.74,61.354,61.668,62.158,10141.14,8035.22,9136.68
2017-01-06,61.9,62.21,59.85,59.6,14322.51,-2.32,-3.73,62.046,61.887,62.501,8401.71,8020.01,8934.45
2017-01-05,63.12,63.43,62.17,62.09,10088.14,-1.17,-1.85,62.566,62.167,62.813,6870.81,7237.16,8741.62
2017-01-04,62.48,63.49,63.34,62.48,8039.65,0.74,1.18,62.506,62.25,63.078,5985.63,6847.17,8828.83
2017-01-03,62.28,62.96,62.6,62.23,4546.01,0.33,0.53,62.168,62.22,63.252,5320.9,6644.5,8895.46
2016-12-30,62.67,62.75,62.27,62.01,5012.26,-0.18,-0.29,61.982,62.258,63.452,5929.3,6671.18,9506.34
2016-12-29,61.77,62.78,62.45,61.63,6668.0,0.58,0.94,61.728,62.391,63.729,7638.3,6888.15,10494.54
2016-12-28,61.5,62.46,61.87,61.5,5662.24,0.22,0.36,61.768,62.454,64.141,7603.5,7305.45,10717.99
2016-12-27,61.77,62.2,61.65,61.4,4716.0,-0.02,-0.03,61.994,62.481,64.594,7708.7,7715.45,11149.64
2016-12-26,60.81,61.78,61.67,59.74,7588.0,0.67,1.1,62.272,62.596,65.052,7968.1,8433.42,11616.76
2016-12-23,62.2,62.73,61.0,59.8,13557.25,-1.65,-2.63,62.534,62.648,65.549,7413.06,10238.14,11934.84
2016-12-22,62.7,63.07,62.65,62.05,6494.0,-0.35,-0.56,63.054,63.115,66.16,6138.01,9848.89,12288.21
2016-12-21,63.42,63.58,63.0,62.6,6188.24,-0.04,-0.06,63.14,63.458,66.667,7007.41,10246.09,13168.87
2016-12-20,63.01,63.44,63.04,62.5,6013.0,0.06,0.1,62.968,63.906,67.217,7722.21,10810.49,14184.07
2016-12-19,63.6,63.85,62.98,62.56,4812.8,-0.62,-0.97,62.92,64.283,67.757,8898.75,11146.41,15406.93
2016-12-16,63.11,64.25,63.6,63.0,7182.0,0.52,0.82,62.762,64.646,68.309,13063.23,12341.51,16872.5
2016-12-15,61.9,64.1,63.08,61.9,10841.0,0.94,1.51,63.176,65.066,68.716,13559.78,14100.93,17832.94
2016-12-14,62.8,63.29,62.14,61.2,9762.24,-0.66,-1.05,63.776,65.828,69.022,13484.78,14130.53,18140.17
2016-12-13,62.09,62.98,62.8,61.8,11895.71,0.61,0.98,64.844,66.707,69.406,13898.77,14583.83,18430.66
2016-12-12,65.57,65.96,62.19,61.81,25635.2,-3.48,-5.3,65.646,67.507,69.799,13394.07,14800.1,19141.01
2016-12-09,66.16,66.39,65.67,65.28,9664.73,-0.41,-0.62,66.53,68.449,70.304,11619.79,13631.54,18857.94
2016-12-08,67.51,67.68,66.08,66.0,10466.0,-1.4,-2.08,66.956,69.204,70.613,14642.08,14727.52,19394.49
2016-12-07,66.92,67.61,67.48,66.32,11832.2,0.67,1.0,67.88,69.876,70.911,14776.28,16091.65,20030.95
2016-12-06,66.97,67.88,66.81,66.38,9372.22,0.2,0.3,68.57,70.527,71.027,15268.9,17557.65,20387.89
2016-12-05,67.3,68.3,66.61,66.2,16763.8,-1.19,-1.75,69.368,71.231,71.252,16206.13,19667.45,20645.17
2016-12-02,70.8,70.8,67.8,67.6,24776.18,-2.9,-4.1,70.368,71.971,71.463,15643.29,21403.49,20453.24
2016-12-01,70.55,71.59,70.7,70.41,11137.0,-0.23,-0.32,71.452,72.366,71.62,14812.97,21564.96,20229.26
2016-11-30,70.5,71.95,70.93,69.82,14295.29,0.13,0.18,71.872,72.216,71.65,17407.01,22149.82,21826.91
2016-11-29,71.76,72.2,70.8,70.74,14058.37,-0.81,-1.13,72.484,72.104,71.594,19846.4,22277.49,22434.7
2016-11-28,73.16,73.49,71.61,71.4,13949.63,-1.61,-2.2,73.094,72.09,71.539,23128.78,23481.91,24266.01
2016-11-25,72.81,73.59,73.22,70.0,20624.54,0.42,0.58,73.574,72.158,71.225,27163.69,24084.34,24956.22
2016-11-24,73.74,74.96,72.8,72.61,24107.22,-1.19,-1.61,73.28,72.021,70.921,28316.95,24061.47,24686.22
2016-11-23,73.49,75.2,73.99,73.23,26492.22,0.14,0.19,72.56,71.946,70.685,26892.63,23970.26,24359.95
2016-11-22,74.1,74.98,73.85,73.22,30470.27,-0.16,-0.22,71.724,71.527,70.358,24708.59,23218.14,23870.84
2016-11-21,72.1,74.28,74.01,71.2,34124.18,2.26,3.15,71.086,71.272,70.029,23835.05,21622.9,23476.36
2016-11-18,69.99,72.35,71.75,69.99,26390.88,2.55,3.69,70.742,70.955,69.638,21004.99,19502.99,22653.99
2016-11-17,69.89,70.09,69.2,68.41,16985.61,-0.61,-0.87,70.762,70.873,69.392,19805.98,18893.57,22190.33
2016-11-16,71.49,71.5,69.81,69.8,15572.0,-0.85,-1.2,71.332,71.083,69.257,21047.88,21504.0,22271.75
2016-11-15,72.44,72.44,70.66,69.77,26102.56,-1.63,-2.25,71.33,71.083,69.057,21727.68,22591.91,23260.29
2016-11-14,71.6,73.35,72.29,71.31,19973.92,0.44,0.61,71.458,70.987,68.886,19410.75,25050.1,23271.88
2016-11-11,72.0,73.08,71.85,71.21,20395.8,-0.2,-0.28,71.168,70.292,68.622,18000.99,25828.09,25780.61
2016-11-10,70.8,72.88,72.05,70.48,23195.14,2.25,3.22,70.984,69.821,68.535,17981.16,25310.97,25983.49
2016-11-09,71.38,71.38,69.8,68.98,18971.0,-1.5,-2.1,70.834,69.424,68.444,21960.12,24749.63,26089.63
2016-11-08,70.88,71.79,71.3,70.66,14517.87,0.46,0.65,70.836,69.189,68.428,23456.14,24523.55,26344.86
2016-11-07,70.52,71.15,70.84,70.1,12925.12,-0.09,-0.13,70.516,68.786,68.231,30689.46,25329.81,26525.45
2016-11-04,71.01,72.09,70.93,70.72,20296.66,-0.37,-0.52,69.416,68.32,68.092,33655.2,25804.99,27003.23
2016-11-03,69.3,73.89,71.3,69.3,43089.93,1.49,2.13,68.658,67.91,67.853,32640.77,25487.1,26956.72
2016-11-02,71.0,72.54,69.81,69.7,26451.11,-1.26,-1.77,68.014,67.431,67.616,27539.15,23039.51,26067.44
2016-10-28,65.89,71.51,69.7,65.42,50684.47,4.36,6.67,67.542,67.031,67.389,25590.96,23928.66,26338.92
2016-10-27,66.0,66.85,65.34,65.0,27753.84,-1.8,-2.68,67.056,66.784,67.286,19970.17,21493.66,24978.01
2016-10-26,67.98,68.3,67.14,66.6,15224.51,-0.94,-1.38,67.224,66.951,67.404,17954.78,25733.13,24899.74
2016-10-25,67.78,68.68,68.08,67.29,17581.83,0.63,0.93,67.162,67.249,67.412,18333.43,26656.02,25916.97
2016-10-24,67.27,67.81,67.45,66.51,16710.17,0.18,0.27,66.848,67.464,67.29,18539.86,27429.63,26598.13
2016-10-21,66.17,67.6,67.27,65.88,22580.5,1.09,1.65,66.52,67.667,67.191,22266.36,28166.18,28334.6
2016-10-20,66.83,67.09,66.18,65.81,17676.87,-0.65,-0.97,66.512,67.676,66.916,23017.14,27721.08,28508.03
2016-10-19,66.5,67.65,66.83,66.35,17117.76,0.32,0.48,66.678,67.863,66.771,33511.49,28201.48,28711.91
2016-10-18,65.88,66.63,66.51,65.31,18614.02,0.7,1.06,67.336,67.796,66.543,34978.61,28426.34,29438.68
2016-10-17,67.1,67.5,65.81,64.78,35342.66,-1.42,-2.11,68.08,67.8,66.353,36319.39,29095.38,30153.95
2016-10-14,66.8,67.94,67.23,66.68,26334.4,0.22,0.33,68.814,67.746,66.227,34065.99,28749.17,29738.07
2016-10-13,68.0,68.58,67.01,65.8,70148.62,-3.11,-4.43,68.84,67.788,65.944,32425.01,28462.36,30115.28
2016-10-12,69.86,71.8,70.12,69.62,24453.37,-0.11,-0.16,69.048,67.856,65.704,22891.46,24066.35,28528.83
2016-10-11,69.33,70.8,70.23,68.85,25317.92,0.75,1.08,68.256,67.574,65.188,21874.07,25177.92,28448.41
2016-10-10,67.8,69.49,69.48,67.0,24075.64,2.12,3.15,67.52,67.116,64.694,21871.37,25766.62,28042.02
2016-09-30,67.87,68.62,67.36,67.2,18129.51,-0.69,-1.01,66.678,66.714,64.217,23432.35,28503.03,27675.53
2016-09-29,66.21,68.17,68.05,66.03,22480.85,1.89,2.86,66.736,66.156,63.861,24499.7,29294.98,27895.72
2016-09-28,66.35,67.25,66.16,65.83,19366.45,-0.39,-0.59,66.664,65.679,63.417,25241.23,29222.35,27472.79
2016-09-27,64.71,66.6,66.55,64.3,25304.38,1.28,1.96,66.892,65.289,63.079,28481.76,30451.02,27455.36
2016-09-26,67.2,67.3,65.27,64.51,31880.55,-2.38,-3.52,66.712,64.906,62.763,29661.88,31212.51,27609.16
2016-09-23,67.72,69.25,67.65,67.0,23466.28,-0.04,-0.06,66.75,64.708,62.505,33573.7,30726.98,27297.65
2016-09-22,67.03,68.76,67.69,66.95,26188.51,0.39,0.58,65.576,64.099,62.067,34090.26,31768.2,26852.24
2016-09-21,65.65,68.33,67.3,65.36,35569.07,1.65,2.51,64.694,63.551,61.615,33203.47,32991.32,26285.64
2016-09-20,65.1,66.66,65.65,64.9,31205.0,0.19,0.29,63.686,62.802,61.149,32420.28,31718.9,26068.28
2016-09-19,61.82,65.97,65.46,61.56,51439.65,3.68,5.96,63.1,62.271,60.87,32763.15,30317.41,25890.66
2016-09-14,63.01,63.28,61.78,61.11,26049.09,-1.5,-2.37,62.666,61.72,60.612,27880.26,26848.03,25470.07
2016-09-13,62.5,63.61,63.28,62.32,21754.53,1.02,1.64,62.622,61.565,60.52,29446.13,26496.46,25751.01
2016-09-12,61.55,63.36,62.26,61.05,31653.14,-0.46,-0.73,62.408,61.155,60.423,32779.16,25723.23,25783.3
2016-09-09,63.05,64.37,62.72,62.23,32919.32,-0.57,-0.9,61.918,60.868,60.32,31017.52,24459.69,25605.91
2016-09-08,61.46,63.74,63.29,61.4,27025.2,1.73,2.81,61.442,60.62,60.134,27871.68,24005.81,24788.79
2016-09-07,61.99,63.8,61.56,61.52,33878.48,-0.65,-1.04,60.774,60.301,59.874,25815.8,23868.33,24204.08
2016-09-06,59.84,62.3,62.21,59.02,38419.67,2.4,4.01,60.508,60.035,59.755,23546.79,21936.28,23716.08
2016-09-05,60.51,61.3,59.81,59.66,22844.93,-0.53,-0.88,59.902,59.679,59.542,18667.3,19579.96,22455.28
2016-09-02,59.68,60.52,60.34,59.55,17190.13,0.39,0.65,59.818,59.495,59.409,17901.87,20417.67,21847.81
2016-09-01,60.15,60.75,59.95,59.83,16745.81,-0.28,-0.47,59.798,59.468,59.192,20139.94,21463.9,21538.94
2016-08-31,59.3,60.45,60.23,58.95,22533.4,1.05,1.77,59.828,59.503,59.004,21920.85,24092.12,21476.72
2016-08-30,59.45,59.74,59.18,59.0,14022.25,-0.21,-0.35,59.562,59.475,58.765,20325.77,25005.55,21075.98
2016-08-29,59.8,60.45,59.39,59.1,19017.75,-0.85,-1.41,59.456,59.691,58.563,20492.62,25843.38,21112.31
2016-08-26,60.23,61.49,60.24,60.03,28380.48,0.14,0.23,59.172,59.771,58.314,22933.46,26752.13,21175.69
2016-08-25,58.56,60.15,60.1,58.2,25650.37,1.2,2.04,59.138,59.647,58.077,22787.86,25571.77,21033.77
2016-08-24,58.7,59.6,58.9,58.6,14558.0,0.25,0.43,59.178,59.447,57.947,26263.38,24539.83,20725.13
2016-08-23,58.35,59.18,58.65,57.51,14856.5,0.68,1.17,59.388,59.475,57.841,29685.33,25495.89,22038.17
2016-08-22,60.2,60.2,57.97,57.89,31221.97,-2.1,-3.5,59.926,59.404,57.874,31194.13,25330.59,22492.54
2016-08-19,60.13,61.17,60.07,59.66,27652.47,-0.23,-0.38,60.37,59.322,57.879,30570.79,23277.96,21727.08
2016-08-18,60.98,61.5,60.3,59.0,43027.97,0.35,0.58,60.156,58.916,57.762,28355.67,21613.97,21186.33
2016-08-17,61.3,61.3,59.95,59.58,31667.75,-1.39,-2.27,59.716,58.504,57.637,22816.27,18861.32,20290.97
2016-08-16,60.45,61.7,61.34,60.0,22400.5,1.15,1.91,59.562,58.054,57.562,21306.45,17146.42,19911.65
2016-08-15,59.3,60.55,60.19,59.22,28105.24,1.19,2.02,58.882,57.435,57.382,19467.05,16381.24,20377.68
2016-08-12,58.08,59.08,59.0,57.96,16576.88,0.9,1.55,58.274,56.856,57.217,15985.14,15599.25,24808.13
2016-08-11,58.96,59.2,58.1,58.0,15331.0,-1.08,-1.82,57.676,56.506,57.406,14872.28,16495.77,25994.34
2016-08-10,58.0,59.5,59.18,57.71,24118.61,1.24,2.14,57.292,56.446,57.518,14906.37,16910.42,26114.87
2016-08-09,57.26,58.11,57.94,56.9,13203.5,0.79,1.38,56.546,56.206,57.561,12986.39,18580.45,26058.74
2016-08-08,55.71,57.26,57.15,55.7,10695.7,1.14,2.04,55.988,56.344,57.692,13295.43,19654.49,26835.17
2016-08-05,56.16,56.6,56.01,55.89,11012.58,-0.17,-0.3,55.438,56.436,57.857,15213.37,20176.2,28415.75
2016-08-04,55.6,56.59,56.18,55.21,15501.46,0.73,1.32,55.336,56.607,58.127,18119.27,20758.68,29597.66
2016-08-03,55.01,55.61,55.45,54.66,14518.7,0.3,0.54,55.6,56.77,58.363,18914.48,21720.61,31651.34
2016-08-02,54.5,55.17,55.15,54.15,14748.7,0.75,1.38,55.866,57.07,58.475,24174.51,22676.88,32877.68
2016-08-01,54.83,55.01,54.4,53.33,20285.4,-1.1,-1.98,56.7,57.328,58.572,26013.55,24374.12,33849.42
2016-07-29,57.4,57.69,55.5,55.5,25542.07,-2.0,-3.48,57.434,57.578,58.73,25139.02,34017.0,34284.76
2016-07-28,56.98,57.6,57.5,56.5,19477.51,0.72,1.27,57.878,58.305,58.78,23398.09,35492.92,34045.65
2016-07-27,59.4,60.26,56.78,55.58,40818.87,-2.54,-4.28,57.94,58.59,58.683,24526.74,35319.31,34091.93
2016-07-26,58.07,59.34,59.32,57.74,23943.89,1.25,2.15,58.274,58.915,58.637,21179.24,33537.04,33855.92
2016-07-25,57.41,58.6,58.07,57.41,15912.78,0.35,0.61,57.956,59.04,58.401,22734.69,34015.85,34104.96
2016-07-22,57.82,58.6,57.72,57.07,16837.41,-0.09,-0.16,57.722,59.278,58.198,42894.98,36655.31,35366.34
2016-07-21,58.35,58.78,57.81,57.7,25120.75,-0.64,-1.09,58.732,59.647,57.952,47587.74,38436.65,36187.43
2016-07-20,57.79,58.95,58.45,57.64,24081.39,0.72,1.25,59.24,59.955,57.772,46111.88,41582.07,36497.24
2016-07-19,57.29,58.5,57.73,56.41,31721.14,0.83,1.46,59.556,59.879,57.577,45894.83,43078.49,37782.09
2016-07-18,62.65,63.2,56.9,56.49,116714.19,-5.87,-9.35,60.124,59.816,57.483,45297.0,43324.72,37787.48
2016-07-15,60.06,63.85,62.77,59.9,40301.24,2.42,4.01,60.834,59.881,57.523,30415.64,34552.53,33901.16
2016-07-14,59.88,61.2,60.35,59.51,17741.44,0.32,0.53,60.562,59.254,57.13,29285.55,32598.39,32635.96
2016-07-13,60.45,61.5,60.03,59.77,22996.15,-0.54,-0.89,60.67,58.776,56.868,37052.26,32864.55,32529.06
2016-07-12,60.81,61.33,60.57,58.52,28731.97,0.12,0.2,60.202,58.359,56.612,40262.14,34174.8,32489.72
2016-07-11,61.35,63.5,60.45,59.0,42307.4,-0.96,-1.56,59.508,57.762,56.189,41352.44,34194.08,31949.47
2016-07-08,60.1,62.5,61.41,59.7,34650.79,0.52,0.85,58.928,57.117,55.811,38689.42,34077.37,31049.02
2016-07-07,60.16,63.28,60.89,59.03,56574.97,3.2,5.55,57.946,56.257,55.56,35911.23,33938.21,30830.87
2016-07-06,56.8,59.5,57.69,56.8,39045.57,0.59,1.03,56.882,55.588,55.234,28676.85,31412.42,29341.12
2016-07-05,57.3,57.73,57.1,56.5,34183.48,-0.45,-0.78,56.516,55.275,54.936,28087.46,32485.69,28492.49
2016-07-04,56.3,57.91,57.55,55.9,28992.27,1.05,1.86,56.016,55.15,54.705,27035.72,32250.23,27714.85
2016-07-01,55.61,56.75,56.5,55.09,20759.87,0.93,1.67,55.306,55.165,54.425,29465.32,33249.8,26981.05
2016-06-30,56.0,56.2,55.57,55.01,20403.05,-0.29,-0.52,54.568,55.005,54.174,31965.19,32673.52,26859.76
2016-06-29,54.8,56.47,55.86,54.6,36098.63,1.26,2.31,54.294,54.96,53.991,34147.98,32193.58,26706.42
2016-06-28,53.52,54.85,54.6,53.4,28924.8,0.6,1.11,54.034,54.865,53.715,36883.92,30804.63,25439.73
2016-06-27,52.3,54.56,54.0,52.3,41140.24,1.19,2.25,54.284,54.615,53.509,37464.74,29704.86,25308.06
2016-06-24,54.45,54.5,52.81,50.75,33259.25,-1.39,-2.56,55.024,54.505,53.297,37034.28,28020.68,24219.46
2016-06-23,54.3,55.15,54.2,54.1,31317.0,-0.36,-0.66,55.442,54.863,53.052,33381.85,27723.53,23051.41
2016-06-22,55.4,55.4,54.56,53.89,49778.29,-1.29,-2.31,55.626,54.88,52.744,30239.17,27269.82,21895.76
2016-06-21,57.29,57.44,55.85,55.43,31828.94,-1.85,-3.21,55.696,54.597,52.433,24725.35,24499.29,20243.62
2016-06-20,55.0,59.56,57.7,54.51,38987.9,2.8,5.1,54.946,54.26,51.996,21944.98,23179.47,19039.75
2016-06-17,55.33,55.69,54.9,54.11,14997.14,-0.22,-0.4,53.986,53.684,51.441,19007.08,20712.31,17611.48
2016-06-16,54.88,55.33,55.12,54.2,15603.57,0.21,0.38,54.284,53.343,50.936,22065.2,21046.0,17234.41
2016-06-15,51.68,55.35,54.91,51.63,22209.2,2.81,5.39,54.134,53.021,50.493,24300.47,21219.27,16841.73
2016-06-14,52.5,53.22,52.1,51.31,17927.08,-0.8,-1.51,53.498,52.565,50.075,24273.23,20074.82,16132.28
2016-06-13,55.2,56.08,52.9,52.5,24298.43,-3.49,-6.19,53.574,52.403,49.75,24413.95,20911.25,15698.41
2016-06-08,54.37,56.87,56.39,53.22,30287.73,2.02,3.71,53.382,52.088,49.375,22417.53,20418.23,14849.64
2016-06-07,51.68,55.19,54.37,51.4,26779.93,2.64,5.1,52.402,51.24,48.785,20026.79,18379.29,13805.42
2016-06-06,52.63,53.0,51.73,51.0,22072.98,-0.75,-1.43,51.908,50.607,48.31,18138.06,16521.7,12936.91
2016-06-03,51.93,53.28,52.48,51.5,18630.7,0.54,1.04,51.632,50.269,47.959,15876.41,15987.96,13083.88
2016-06-02,51.5,52.38,51.94,51.3,14316.33,0.45,0.87,51.232,49.732,47.79,17408.55,14900.04,13204.84
2016-06-01,51.82,52.3,51.49,51.45,18334.01,-0.41,-0.79,50.794,49.198,47.779,18418.93,14510.64,13117.04
2016-05-31,50.21,52.13,51.9,50.2,17336.26,1.55,3.08,50.078,48.529,47.792,16731.79,13422.82,13080.13
2016-05-30,50.49,51.2,50.35,49.75,10764.77,-0.13,-0.26,49.306,47.964,47.835,14905.34,12464.19,13204.8
2016-05-27,49.37,51.82,50.48,49.36,26291.37,0.73,1.47,48.906,47.584,47.896,16099.5,12189.73,13615.04
2016-05-26,47.9,50.11,49.75,47.5,19368.22,1.84,3.84,48.232,47.096,47.882,12391.54,10485.56,13036.34
2016-05-25,48.98,49.17,47.91,47.86,9898.34,-0.13,-0.27,47.602,46.661,47.885,10602.36,9281.04,13445.7
2016-05-24,48.49,48.51,48.04,47.7,8204.0,-0.31,-0.64,46.98,46.33,47.907,10113.85,9231.56,13487.51
2016-05-23,47.4,49.2,48.35,47.12,16735.56,1.24,2.63,46.622,46.013,47.83,10023.04,9352.12,13496.06
2016-05-20,46.3,47.32,47.11,46.18,7751.57,0.51,1.09,46.262,45.649,47.777,8279.96,10179.79,13093.24
2016-05-19,44.8,48.5,46.6,44.8,10422.31,1.8,4.02,45.96,45.848,47.781,8579.59,11509.64,13387.25
2016-05-18,46.1,46.1,44.8,44.5,7455.8,-1.45,-3.13,45.72,46.36,47.88,7959.73,11723.43,14355.51
2016-05-17,46.85,46.85,46.25,45.6,7749.94,-0.3,-0.64,45.68,47.055,48.049,8349.26,12737.44,14395.8
2016-05-16,45.63,46.6,46.55,45.2,8020.17,0.95,2.08,45.404,47.705,48.119,8681.2,13945.42,14621.18
2016-05-13,44.93,45.88,45.6,44.93,9249.73,0.2,0.44,45.036,48.208,48.254,12079.63,15040.35,14932.45
2016-05-12,44.01,45.4,45.4,43.5,7323.02,0.8,1.79,45.736,48.668,48.442,14439.68,15587.12,15183.63
2016-05-11,45.2,45.65,44.6,44.52,9403.45,-0.27,-0.6,47.0,49.109,48.603,15487.13,17610.36,15606.24
2016-05-10,44.85,45.46,44.87,44.15,9409.64,0.16,0.36,48.43,49.483,48.767,17125.63,17743.47,15767.14
2016-05-09,47.2,47.39,44.71,44.22,25012.31,-4.39,-8.94,50.006,49.647,48.959,19209.63,17640.01,16002.45
2016-05-06,51.98,52.17,49.1,49.02,21050.0,-2.62,-5.07,51.38,49.904,49.096,18001.07,16006.68,15263.37
2016-05-05,51.42,52.13,51.72,51.16,12560.27,-0.03,-0.06,51.6,49.714,49.005,16734.55,15264.86,15067.25
2016-05-04,52.08,52.68,51.75,51.51,17595.91,-1.0,-1.9,51.218,49.399,48.854,19733.59,16987.59,15257.11
2016-05-03,51.56,52.86,52.75,51.02,19829.68,1.17,2.27,50.536,49.043,48.691,18361.31,16054.15,15245.65
2016-04-29,49.77,51.93,51.58,49.58,18969.5,1.38,2.75,49.288,48.532,48.4,16070.38,15296.94,14740.02
2016-04-28,49.82,50.4,50.2,48.48,14717.39,0.39,0.78,48.428,48.3,48.183,14012.29,14824.56,14525.15
2016-04-27,48.5,51.2,49.81,48.16,27555.49,1.47,3.04,47.828,48.215,48.028,13795.16,14780.14,14417.16
2016-04-26,46.3,48.34,48.34,46.3,10734.47,1.83,3.94,47.58,48.097,47.8,14241.59,13602.11,13620.93
2016-04-25,47.0,47.33,46.51,45.88,8375.03,-0.77,-1.63,47.55,48.051,47.666,13746.99,13790.82,13669.46
2016-04-22,46.68,47.37,47.28,46.05,8679.07,0.08,0.17,47.776,48.27,47.661,14523.49,14364.89,13885.21
2016-04-21,48.0,48.48,47.2,47.13,13631.74,-1.37,-2.82,48.172,48.288,47.638,15636.82,14520.06,14654.72
2016-04-20,49.35,50.0,48.57,46.78,29787.63,0.38,0.79,48.602,48.296,47.598,15765.12,14869.64,14745.63
2016-04-19,48.05,48.48,48.19,47.6,8261.5,0.55,1.15,48.614,48.309,47.479,12962.63,13526.63,14060.2
2016-04-18,48.6,48.6,47.64,47.22,12257.53,-1.07,-2.2,48.552,48.339,47.409,13834.64,14437.15,14654.64
2016-04-15,49.74,49.86,49.26,48.78,14245.7,-0.09,-0.18,48.764,48.268,47.322,14206.28,14183.11,14858.38
2016-04-14,49.0,49.35,49.35,48.64,14273.26,0.72,1.48,48.404,48.066,47.07,13403.31,14225.74,15019.95
2016-04-13,48.1,49.24,48.63,48.1,15775.18,0.75,1.57,47.99,47.841,46.743,13974.16,14054.18,14835.89
2016-04-12,48.8,48.99,47.88,47.0,12621.55,-0.82,-1.68,48.004,47.503,46.432,14090.63,13639.75,14295.97
2016-04-11,47.51,48.8,48.7,47.51,14115.69,1.24,2.61,48.126,47.281,46.197,15039.65,13548.09,14097.97
2016-04-08,46.9,47.64,47.46,46.71,10230.85,0.18,0.38,47.772,47.051,45.838,14159.94,13405.54,13790.77
2016-04-07,48.8,48.95,47.28,47.06,17127.52,-1.42,-2.92,47.728,46.988,45.602,15048.16,14789.37,14136.75
2016-04-06,48.03,49.38,48.7,48.03,16357.55,0.21,0.43,47.692,46.9,45.512,14134.2,14621.62,13717.3
2016-04-05,46.85,48.63,48.49,46.8,17366.63,1.56,3.32,47.002,46.648,45.388,13188.86,14593.78,13500.15
2016-04-01,47.0,47.25,46.93,46.15,9717.13,-0.31,-0.66,46.436,46.479,45.234,12056.54,14872.13,13079.38
2016-03-31,47.23,48.24,47.24,47.0,14671.99,0.14,0.3,46.33,46.376,45.065,12651.14,15533.65,13005.74
2016-03-30,45.68,47.18,47.1,45.65,12557.68,1.85,4.09,46.248,46.074,44.945,14530.57,15814.16,12694.43
2016-03-29,45.81,46.15,45.25,44.61,11630.87,-0.41,-0.9,46.108,45.644,44.83,15109.04,15617.6,12510.84
2016-03-28,46.86,47.54,45.66,45.6,11705.03,-0.74,-1.59,46.294,45.361,44.718,15998.69,14952.18,12354.62
2016-03-25,46.45,46.94,46.4,45.76,12690.12,-0.43,-0.92,46.522,45.113,44.48,17687.72,14647.85,12174.03
2016-03-24,46.19,47.95,46.83,45.53,24069.16,0.43,0.93,46.422,44.624,44.349,18416.15,14176.01,11849.96
2016-03-23,45.99,46.48,46.4,45.68,15450.0,0.22,0.48,45.9,44.215,44.182,17097.74,13484.13,11567.38
2016-03-22,46.21,46.6,46.18,46.0,16079.14,-0.62,-1.32,45.18,44.123,44.182,16126.16,12812.98,11328.19
2016-03-21,46.15,46.86,46.8,45.81,20150.19,0.9,1.96,44.428,44.128,44.222,13905.68,12406.52,10943.33
2016-03-18,44.22,46.2,45.9,44.18,16332.27,1.68,3.8,43.704,43.988,44.261,11607.98,11286.63,10421.13
2016-03-17,43.36,44.6,44.22,42.51,17477.09,1.42,3.32,42.826,43.754,44.324,9935.87,10477.83,9993.48
2016-03-16,43.82,44.5,42.8,42.59,10592.09,0.38,0.9,42.53,43.815,44.468,9870.52,9574.7,9815.81
2016-03-15,42.9,43.46,42.42,42.4,4976.75,-0.76,-1.76,43.066,44.016,44.666,9499.8,9404.09,9833.97
2016-03-14,42.04,43.6,43.18,42.04,8661.7,1.67,4.02,43.828,44.074,44.862,10907.36,9757.05,10224.25
2016-03-11,42.26,42.97,41.51,41.07,7971.7,-1.23,-2.88,44.272,43.846,44.935,10965.28,9700.2,10174.47
2016-03-10,44.0,44.46,42.74,42.66,17150.37,-2.74,-6.03,44.682,44.074,45.076,11019.79,9523.92,10164.32
2016-03-09,45.5,46.8,45.48,45.1,8738.5,-0.75,-1.62,45.1,44.149,45.159,9278.88,9650.63,9778.24
2016-03-08,45.0,46.47,46.23,42.0,12014.55,0.83,1.83,44.966,44.24,45.075,9308.37,9843.4,9756.64
2016-03-07,43.56,46.28,45.4,43.56,8951.28,1.84,4.22,44.32,44.316,44.909,8606.73,9480.14,9563.8
2016-03-04,44.7,45.35,43.56,42.6,8244.26,-1.27,-2.83,43.42,44.534,44.705,8435.12,9555.62,9559.38
2016-03-03,44.81,45.87,44.83,44.52,8445.83,0.02,0.04,43.466,44.893,44.557,8028.04,9509.13,9578.34
2016-03-02,42.67,44.99,44.81,41.7,8885.93,1.81,4.21,43.198,45.121,44.26,10022.38,10056.92,9671.24
2016-03-01,41.6,44.16,43.0,40.7,8506.37,2.1,5.13,43.514,45.315,44.148,10378.42,10263.85,9854.79
2016-02-29,43.65,43.7,40.9,40.0,8093.23,-2.89,-6.6,44.312,45.65,44.087,10353.55,10691.46,10305.35
2016-02-26,43.7,44.24,43.79,42.83,6208.84,0.3,0.69,45.648,46.023,44.286,10676.12,10648.73,10508.5
2016-02-25,46.27,46.58,43.49,41.76,18417.51,-2.9,-6.25,46.32,46.077,44.32,10990.22,10804.73,10958.73
2016-02-24,46.55,47.14,46.39,45.4,10666.16,-0.6,-1.28,47.044,46.169,44.37,10091.46,9905.85,10651.36
2016-02-23,47.58,47.7,46.99,46.11,8382.02,-0.59,-1.24,47.116,45.91,44.37,10149.27,9669.89,10801.91
2016-02-22,47.3,47.96,47.58,47.02,9706.09,0.43,0.91,46.988,45.501,44.376,11029.36,9647.46,11057.53
2016-02-19,47.1,47.6,47.15,46.61,7779.34,0.04,0.09,46.398,44.875,44.261,10621.34,9563.14,11170.04
2016-02-18,46.8,47.8,47.11,46.7,13923.71,0.36,0.77,45.834,44.22,44.096,10619.24,9647.55,11366.34
2016-02-17,46.3,46.89,46.75,45.73,10955.21,0.4,0.86,45.294,43.398,44.023,9720.23,9285.56,11410.79
2016-02-16,45.08,46.8,46.35,44.62,12782.45,1.72,3.85,44.704,42.98,43.836,9190.5,9445.73,11447.69
2016-02-15,42.58,45.05,44.63,42.5,7665.98,0.3,0.68,44.014,42.524,43.764,8265.55,9919.25,11479.69
2016-02-05,44.45,44.73,44.33,43.5,7768.84,-0.08,-0.18,43.352,42.549,43.78,8504.94,10368.28,11954.91
2016-02-04,43.83,44.79,44.41,43.0,9428.68,0.61,1.39,42.606,42.563,44.061,8675.87,11112.73,12618.68
2016-02-03,42.5,43.87,43.8,41.6,8306.53,0.9,2.1,41.502,42.57,44.333,8850.89,11396.87,12431.0
2016-02-02,41.47,43.38,42.9,41.31,8157.73,1.58,3.82,41.256,42.83,44.911,9700.97,11933.94,12972.6
2016-02-01,40.58,41.34,41.32,40.3,8862.91,0.72,1.77,41.034,43.25,45.451,11572.95,12467.6,13637.15
2016-01-29,39.6,41.43,40.6,38.62,8623.48,1.71,4.4,41.746,43.646,46.105,12231.62,12776.94,14065.8
2016-01-28,41.82,42.47,38.89,38.89,10303.82,-3.68,-8.64,42.52,43.971,47.098,13549.6,13085.14,14517.87
2016-01-27,41.5,42.8,42.57,39.5,12556.89,0.78,1.87,43.638,44.648,48.182,13942.84,13536.02,14557.48
2016-01-26,43.86,44.99,41.79,41.79,17517.67,-3.09,-6.88,44.404,44.692,49.073,14166.92,13449.65,14800.74
2016-01-25,44.81,46.23,44.88,44.5,12156.23,0.41,0.92,45.466,45.003,49.974,13362.24,13040.14,15507.41
2016-01-22,45.5,45.55,44.47,42.81,15213.39,-0.01,-0.02,45.546,45.011,50.901,13322.26,13541.53,16727.0
2016-01-21,45.84,47.3,44.48,44.48,12270.0,-1.92,-4.14,45.422,45.559,51.933,12620.67,14124.63,18870.33
2016-01-20,46.83,47.16,46.4,45.81,13677.3,-0.7,-1.49,45.658,46.095,52.684,13129.2,13465.13,19023.29
2016-01-19,45.28,47.19,47.1,45.01,13494.29,1.82,4.02,44.98,46.991,53.368,12732.39,14011.26,18990.12
2016-01-18,42.99,46.44,45.28,42.99,11956.3,1.43,3.26,44.54,47.651,54.027,12718.03,14806.7,19064.85
2016-01-15,45.11,46.5,43.85,43.05,11705.47,-1.81,-3.96,44.476,48.564,54.732,13760.81,15354.66,19281.19
2016-01-14,40.9,45.99,45.66,40.5,14812.64,2.65,6.16,45.696,50.224,55.577,15628.59,15950.6,20143.72
2016-01-13,45.35,45.82,43.01,43.0,11693.25,-1.89,-4.21,46.532,51.716,56.26,13801.06,15578.94,20324.34
2016-01-12,44.95,46.24,44.9,43.08,13422.48,-0.06,-0.13,49.002,53.454,57.034,15290.12,16151.83,20532.06
2016-01-11,48.51,48.51,44.96,44.96,17170.21,-4.99,-9.99,50.762,54.944,57.674,16895.37,17974.68,20492.31
2016-01-08,50.25,51.62,49.95,46.0,21044.36,0.11,0.22,52.652,56.791,58.202,16948.51,19912.46,20296.37
2016-01-07,54.3,54.3,49.84,49.82,5675.0,-5.52,-9.97,54.752,58.306,58.522,16272.62,23616.02,20218.88
2016-01-06,54.2,55.43,55.36,52.51,19138.55,1.66,3.09,56.9,59.272,58.897,17356.82,24581.46,20909.25
2016-01-05,51.9,55.71,53.7,51.0,21448.73,-0.71,-1.3,57.906,59.745,59.107,17013.54,23968.99,20947.5
2016-01-04,60.97,60.97,54.41,54.41,17435.93,-6.04,-9.99,59.126,60.403,59.394,19053.99,23323.0,20828.52
2015-12-31,60.55,63.56,60.45,60.34,17664.89,-0.13,-0.21,60.93,60.9,59.631,22876.4,23207.72,21171.06
2015-12-30,60.39,60.86,60.58,59.4,11096.01,0.19,0.32,61.86,60.93,59.628,30959.43,24336.84,21562.72
2015-12-29,60.05,60.9,60.39,58.5,17422.13,0.59,0.99,61.644,60.803,59.499,31806.09,25069.74,22741.02
2015-12-28,63.46,64.19,59.8,59.53,31650.98,-3.63,-5.72,61.584,60.614,59.479,30924.45,24912.3,24449.33
2015-12-25,63.8,65.3,63.43,62.89,36547.99,-1.67,-2.56,61.68,60.404,59.569,27592.02,23009.95,25654.76
2015-12-24,59.0,65.45,65.1,58.3,58080.02,5.6,9.41,60.87,59.613,59.198,23539.03,20680.28,25582.04
2015-12-23,60.1,61.0,59.5,59.01,15329.34,-0.59,-0.98,60.0,58.737,58.906,17714.25,16821.74,24455.4
2015-12-22,60.5,60.79,60.09,59.2,13013.92,-0.19,-0.32,59.962,58.521,58.89,18333.39,17237.04,26196.68
2015-12-21,59.1,60.79,60.28,59.03,14988.83,0.9,1.52,59.644,58.469,58.88,18900.15,17926.01,27633.23
2015-12-18,60.6,60.6,59.38,59.19,16283.06,-1.37,-2.25,59.128,58.385,58.657,18427.87,18334.05,28636.39
2015-12-17,60.51,61.28,60.75,59.62,28956.08,1.44,2.43,58.356,58.362,58.44,17821.52,19134.41,29115.79
2015-12-16,58.6,60.37,59.31,58.51,18425.04,0.81,1.39,57.474,58.325,58.139,15929.24,18788.6,28863.1
2015-12-15,57.5,59.16,58.5,57.5,15847.73,0.8,1.39,57.08,58.194,57.756,16140.69,20412.3,29515.88
2015-12-14,55.3,57.78,57.7,54.41,12627.46,2.18,3.93,57.294,58.344,57.48,16951.87,23986.36,30397.53
2015-12-11,56.3,56.88,55.52,55.5,13251.29,-0.82,-1.46,57.642,58.734,57.402,18240.22,28299.58,30819.79
2015-12-10,57.34,58.0,56.34,56.0,19494.68,-1.0,-1.74,58.368,58.782,57.335,20447.29,30483.8,32220.12
2015-12-09,59.01,59.79,57.34,57.3,19482.28,-2.23,-3.74,59.176,59.074,57.528,21647.97,32089.06,33454.95
2015-12-08,58.93,60.49,59.57,58.31,19903.65,0.13,0.22,59.308,59.258,57.566,24683.91,35156.32,33959.81
2015-12-07,59.03,59.65,59.44,57.51,19069.18,0.29,0.49,59.394,59.291,57.316,31020.85,37340.46,34216.33
2015-12-04,60.18,61.0,59.15,58.3,24286.66,-1.23,-2.04,59.826,58.929,57.104,38358.94,38938.73,34683.99
2015-12-03,58.42,61.0,60.38,58.4,25498.07,2.38,4.1,59.196,58.518,56.782,40520.31,39097.17,34580.97
2015-12-02,59.0,59.56,58.0,56.23,34661.97,-2.0,-3.33,58.972,57.953,56.292,42530.15,38937.6,34603.34
2015-12-01,62.13,64.44,60.0,58.91,51588.39,-1.6,-2.6,59.208,57.317,55.941,45628.72,38619.46,34257.22
2015-11-30,56.6,61.6,61.6,56.58,55759.62,5.6,10.0,59.188,56.616,55.391,43660.06,36808.69,32800.88
2015-11-27,58.8,59.94,56.0,55.65,35093.52,-3.26,-5.5,58.032,56.069,54.663,39518.52,33340.0,31224.89
2015-11-26,59.0,61.38,59.26,58.51,35547.27,0.08,0.14,57.84,55.887,54.198,37674.02,33956.43,30367.89
2015-11-25,59.9,61.7,59.18,58.81,50154.82,-0.72,-1.2,56.934,55.981,53.519,35345.05,34820.84,29363.72
2015-11-24,56.41,59.98,59.9,56.34,41745.06,4.08,7.31,55.426,55.873,52.825,31610.2,32763.3,27573.56
2015-11-23,55.3,58.29,55.82,54.22,35051.94,0.78,1.42,54.044,55.341,52.184,29957.33,31092.2,26587.46
2015-11-20,56.0,56.0,55.04,53.98,25870.99,0.31,0.57,54.106,55.278,51.763,27161.48,30429.25,26527.84
2015-11-19,51.88,54.8,54.73,51.88,23902.46,3.09,5.98,53.934,55.045,51.236,30238.84,30064.78,26187.9
2015-11-18,53.1,53.87,51.64,50.86,31480.57,-1.35,-2.55,55.028,54.63,50.639,34296.62,30269.07,25582.89
2015-11-17,56.99,57.65,52.99,52.5,33480.67,-3.14,-5.59,56.32,54.565,50.103,33916.4,29894.97,25077.57
2015-11-16,52.9,56.25,56.13,52.5,21072.7,1.95,3.6,56.638,54.165,49.645,32227.08,28793.06,24325.14
2015-11-13,58.9,58.99,54.18,54.18,41257.82,-6.02,-10.0,56.45,53.257,48.938,33697.02,29109.77,24045.75
2015-11-12,58.14,60.98,60.2,56.82,44191.36,2.1,3.61,56.156,52.509,48.393,29890.71,26779.36,22903.36
2015-11-11,54.92,58.5,58.1,54.0,29579.46,3.52,6.45,54.232,51.056,47.56,26241.51,23906.6,21437.91
2015-11-10,54.77,56.2,54.58,53.75,25034.06,-0.61,-1.1,52.81,49.776,46.75,25873.54,22383.82,20524.43
2015-11-09,52.72,55.55,55.19,51.71,28422.41,2.48,4.71,51.692,49.026,46.176,25359.05,22082.73,20029.49
2015-11-06,50.99,52.74,52.71,50.5,22226.27,2.13,4.21,50.064,48.247,45.494,24522.52,22626.43,19347.52
2015-11-05,50.67,52.49,50.58,49.67,25945.34,-0.41,-0.8,48.862,47.426,44.852,23668.0,22311.02,18819.53
2015-11-04,49.47,50.99,50.99,48.6,27739.64,2.0,4.08,47.88,46.648,44.297,21571.69,20896.72,18349.27
2015-11-03,47.27,49.48,48.99,46.5,22461.57,1.94,4.12,46.742,45.64,43.647,18894.09,20260.17,16971.94
2015-11-02,45.2,49.3,47.05,45.11,24239.78,0.35,0.75,46.36,45.124,43.088,18806.4,19857.22,16251.05
2015-10-30,45.52,47.33,46.7,45.11,17953.66,1.03,2.25,46.43,44.619,42.606,20730.34,18981.73,15347.18
2015-10-29,45.99,46.48,45.67,44.88,15463.78,0.37,0.82,45.99,44.277,42.16,20954.04,19027.36,14782.79
2015-10-28,47.06,47.42,45.3,45.0,14351.68,-1.78,-3.78,45.416,44.064,41.686,20221.75,18969.23,14549.95
2015-10-27,46.4,47.84,47.08,45.0,22023.12,-0.32,-0.68,44.538,43.724,41.358,21626.25,18665.03,14490.74
2015-10-26,45.1,47.9,47.4,44.88,33859.48,2.9,6.52,43.888,43.326,40.911,20908.03,17976.26,13987.81
2015-10-23,43.5,44.85,44.5,43.4,19072.16,1.7,3.97,42.808,42.74,40.445,17233.12,16068.6,13118.61
2015-10-22,40.0,42.91,42.8,40.0,11802.31,1.89,4.62,42.564,42.277,40.109,17100.67,15328.04,12774.32
2015-10-21,45.0,45.5,40.91,40.8,21374.18,-2.92,-6.66,42.712,41.945,39.774,17716.71,15801.82,12654.35
2015-10-20,42.22,43.93,43.83,42.22,18432.01,1.83,4.36,42.91,41.654,39.504,15703.82,13683.7,12478.96
2015-10-19,43.08,43.28,42.0,41.6,15484.96,-1.28,-2.96,42.764,41.052,39.11,15044.49,12644.89,12050.93
2015-10-16,44.12,44.43,43.28,42.5,18409.87,-0.26,-0.6,42.672,40.592,38.644,14904.08,11712.62,11673.63
2015-10-15,41.52,43.9,43.54,41.4,14882.55,1.64,3.91,41.99,40.043,38.19,13555.41,10538.23,11289.57
2015-10-14,43.2,43.2,41.9,41.88,11309.69,-1.2,-2.78,41.178,39.308,37.913,13886.93,10130.67,10884.81
2015-10-13,41.12,43.22,43.1,40.87,15135.39,1.56,3.75,40.398,38.992,37.697,11663.59,10316.44,10790.29
2015-10-12,40.32,42.0,41.54,39.87,14782.89,1.67,4.19,39.34,38.496,37.5,10245.28,9999.36,10937.74
2015-10-09,39.4,40.28,39.87,39.06,11666.54,0.39,0.99,38.512,38.15,37.336,8521.17,10168.62,11038.57
2015-10-08,39.01,39.95,39.48,38.53,16540.12,1.67,4.42,38.096,37.941,37.106,7521.04,10220.61,10988.86
2015-10-07,37.78,38.08,38.0,37.55,193.0,0.19,0.5,37.438,37.603,36.832,6374.42,9506.89,10721.77
2015-09-30,37.6,38.19,37.81,36.8,8043.87,0.41,1.1,37.586,37.354,36.632,8969.29,11274.21,11242.38
2015-09-29,37.02,38.0,37.4,36.71,6162.31,-0.39,-1.03,37.652,37.168,36.603,9753.43,11456.98,11537.38
2015-09-28,36.5,37.95,37.79,36.01,6665.92,1.6,4.42,37.788,36.696,36.642,11816.06,11634.65,11972.77
2015-09-25,38.55,38.84,36.19,36.03,10807.0,-2.55,-6.58,37.786,36.337,36.548,12920.17,12040.91,12402.02
2015-09-24,38.45,39.28,38.74,38.01,13167.37,0.6,1.57,37.768,36.518,36.438,12639.35,11638.94,12837.98
2015-09-23,37.35,38.78,38.14,37.31,11964.53,0.06,0.16,37.122,36.401,36.162,13579.12,11264.14,13023.0
2015-09-22,38.12,38.8,38.08,37.31,16475.49,0.3,0.79,36.684,36.504,36.1,13160.53,11876.13,12966.82
2015-09-21,35.73,38.3,37.78,35.21,12186.47,1.68,4.65,35.604,36.521,36.246,11453.23,11908.52,12770.06
2015-09-18,36.01,36.6,36.1,35.15,9402.9,0.59,1.66,34.888,36.27,36.57,11161.65,11757.11,12702.87
2015-09-17,35.46,38.45,35.51,34.9,17866.22,-0.44,-1.22,35.268,36.06,37.062,10638.53,11936.66,13105.9
2015-09-16,33.7,35.95,35.95,32.8,9871.55,3.27,10.01,35.68,35.909,37.582,8949.16,11210.55,13375.68
2015-09-15,33.8,34.2,32.68,32.2,7939.01,-1.52,-4.44,36.324,36.037,38.334,10591.73,11617.79,13720.57
2015-09-14,38.39,38.39,34.2,34.2,10728.55,-3.8,-10.0,37.438,36.588,39.289,12363.81,12310.89,13951.85
2015-09-11,37.66,38.38,38.0,37.51,6787.32,0.43,1.15,37.652,36.758,40.174,12352.58,12763.13,14150.68
2015-09-10,38.5,38.97,37.57,37.4,9419.35,-1.6,-4.08,36.852,36.358,40.782,13234.78,14037.02,14895.93
2015-09-09,38.26,39.97,39.17,37.8,18084.4,0.92,2.4,36.138,35.922,41.529,13471.94,14781.85,15673.42
2015-09-08,35.11,38.76,38.25,34.85,16799.44,2.98,8.45,35.75,35.695,42.182,12643.86,14057.51,15983.84
2015-09-07,34.61,36.4,35.27,34.6,10672.4,1.27,3.73,35.738,35.97,42.79,12257.97,13631.59,16263.73
2015-09-02,33.0,36.87,34.0,30.68,11198.31,0.0,0.0,35.864,36.869,43.481,13173.69,13648.63,16653.27
2015-09-01,36.8,36.8,34.0,34.0,10605.14,-3.23,-8.68,35.864,38.064,44.212,14839.27,14275.15,17391.58
2015-08-31,37.2,39.6,37.23,37.01,13943.99,-0.96,-2.51,35.706,39.254,44.896,16091.77,15540.81,17920.44
2015-08-28,36.65,38.38,38.19,35.4,14870.0,2.29,6.38,35.64,40.631,45.255,15471.17,15823.35,18177.93
2015-08-27,35.2,36.5,35.9,34.47,15250.99,1.9,5.59,36.202,41.989,45.743,15005.21,15592.8,18504.59
2015-08-26,34.2,36.49,34.0,32.1,19526.22,0.79,2.38,37.874,43.589,46.319,14123.57,15538.23,18972.4
2015-08-25,33.21,35.24,33.21,33.21,16867.63,-3.69,-10.0,40.264,45.206,46.999,13711.04,15754.84,18992.37
2015-08-24,39.0,39.42,36.9,36.9,10841.0,-4.1,-10.0,42.802,47.135,47.583,14989.85,16564.99,19518.32
2015-08-21,43.11,43.79,41.0,40.12,12540.22,-3.26,-7.37,45.622,48.669,47.983,16175.53,17910.18,20500.18
2015-08-20,45.49,46.37,44.26,43.42,10842.76,-1.69,-3.68,47.776,49.61,48.427,16180.39,18895.86,21593.47
2015-08-19,43.16,46.42,45.95,41.91,17463.57,0.05,0.11,49.304,50.092,48.839,16952.9,19657.92,22533.12
2015-08-18,51.02,51.71,45.9,45.9,23261.68,-5.1,-10.0,50.148,50.359,49.001,17798.63,20508.02,22665.07
2015-08-17,51.9,52.8,51.0,50.3,16769.41,-0.77,-1.49,51.468,50.538,49.166,18140.13,20300.08,22459.23
2015-08-14,52.63,52.63,51.77,51.24,12564.52,-0.13,-0.25,51.716,49.878,49.043,19644.82,20532.51,22870.11
2015-08-13,50.21,52.1,51.9,49.8,14705.3,1.73,3.45,51.444,49.496,48.882,21611.34,21416.39,23231.21
2015-08-12,52.03,52.8,50.17,50.11,21692.26,-2.33,-4.44,50.88,49.048,48.54,22362.94,22406.56,23712.15
2015-08-11,52.2,53.8,52.5,51.85,24969.17,0.26,0.5,50.57,48.791,48.202,23217.4,22229.91,24078.98
2015-08-10,50.9,52.8,52.24,50.03,24292.87,1.83,3.63,49.608,48.03,47.989,22460.03,22471.65,25368.47
2015-08-07,49.11,50.76,50.41,49.11,22397.1,1.33,2.71,48.04,47.296,47.702,21420.2,23090.19,25627.54
2015-08-06,47.02,49.97,49.08,47.0,18463.29,0.46,0.95,47.548,47.244,47.294,21221.43,24291.07,25251.12
2015-08-05,47.36,49.96,48.62,46.5,25964.57,0.93,1.95,47.216,47.586,46.761,22450.19,25408.32,26030.28
2015-08-04,44.5,47.99,47.69,43.62,21182.34,3.29,7.41,47.012,47.642,46.077,21242.41,24822.13,27043.62
2015-08-03,47.3,47.95,44.4,43.3,19093.68,-3.55,-7.4,46.452,47.793,45.633,22483.26,24618.38,27022.51
2015-07-31,46.0,48.91,47.95,45.5,21403.27,0.53,1.12,46.552,48.208,45.569,24760.17,25207.72,28005.09
2015-07-30,47.02,49.23,47.42,46.6,24607.08,-0.18,-0.38,46.94,48.268,45.511,27360.71,25046.04,28210.67
2015-07-29,45.79,47.7,47.6,43.35,19925.7,2.71,6.04,47.956,48.031,45.564,28366.46,25017.73,28380.17
2015-07-28,42.33,47.8,44.89,40.5,27386.55,-0.01,-0.02,48.272,47.613,45.797,28401.84,25928.06,28640.69
2015-07-27,48.38,50.51,44.9,44.9,30478.27,-4.99,-10.0,49.134,47.948,46.308,26753.49,28265.3,29309.01
2015-07-24,52.52,52.92,49.89,49.66,34405.93,-2.61,-4.97,49.864,48.107,46.571,25655.26,28164.9,29240.44
2015-07-23,49.19,53.0,52.5,48.05,29635.85,3.32,6.75,49.596,47.344,46.396,22731.37,26211.17,28968.57
2015-07-22,49.4,49.76,49.18,47.8,20102.6,-0.02,-0.04,48.106,45.936,46.057,21669.0,26652.23,28931.5
2015-07-21,48.01,49.6,49.2,46.89,19144.82,0.65,1.34,46.954,44.511,45.873,23454.28,29265.12,29450.84
2015-07-20,48.55,49.87,48.55,47.03,24987.08,0.0,0.0,46.762,43.472,45.665,29777.1,29426.65,30094.97
2015-07-17,45.5,49.0,48.55,45.2,19786.5,3.5,7.77,46.35,42.929,45.473,30674.55,30802.46,30435.5
2015-07-16,43.42,46.39,45.05,40.0,24323.99,1.63,3.75,45.092,42.753,45.253,29690.97,31375.29,31196.14
2015-07-15,46.65,47.8,43.42,43.42,29029.0,-4.82,-9.99,43.766,43.097,45.268,31635.47,31742.61,31724.77
2015-07-14,47.06,50.8,48.24,46.4,50758.93,1.75,3.76,42.068,43.981,45.423,35075.96,31353.32,31949.41
2015-07-13,45.0,46.49,46.49,44.37,29474.31,4.23,10.01,40.182,44.667,45.166,29076.19,30352.72,30239.46
2015-07-10,41.8,42.26,42.26,40.6,14868.6,3.84,9.99,39.508,45.034,45.034,30930.37,30315.97,30315.97
2015-07-09,32.6,38.42,38.42,32.6,34046.5,3.49,9.99,40.414,45.342,45.342,33059.62,32032.35,32032.35
2015-07-08,34.93,36.9,34.93,34.93,46231.46,-3.88,-10.0,42.428,46.208,46.208,31849.75,31780.58,31780.58
2015-07-07,41.97,41.97,38.81,38.81,20760.1,-4.31,-9.99,45.894,47.819,47.819,27630.68,29716.16,29716.16
2015-07-06,51.47,51.47,43.12,42.11,38745.21,-3.67,-7.84,49.152,49.32,49.32,31629.25,31208.84,31208.84
2015-07-03,47.31,50.99,46.79,44.05,25514.84,-1.7,-3.51,50.56,50.56,50.56,29701.57,29701.57,29701.57
2015-07-02,52.96,53.82,48.49,47.03,27997.12,-3.77,-7.21,51.503,51.503,51.503,30748.25,30748.25,30748.25
2015-07-01,53.51,56.99,52.26,52.18,25136.11,-2.84,-5.15,52.507,52.507,52.507,31665.29,31665.29,31665.29
2015-06-30,47.37,55.18,55.1,47.37,40752.96,4.94,9.85,52.63,52.63,52.63,34929.89,34929.89,34929.89
2015-06-29,58.0,58.0,50.16,50.12,29106.81,-5.53,-9.93,50.16,50.16,50.16,29106.81,29106.81,29106.81
