date,open,high,close,low,volume,price_change,p_change,ma5,ma10,ma20,v_ma5,v_ma10,v_ma20
2018-07-06,24.51,25.6,24.88,24.38,127436.75,0.4,1.63,25.076,24.321,24.765,145084.78,136388.12,136243.01
2018-07-05,24.81,25.16,24.47,24.42,84499.95,-0.58,-2.31,25.06,24.134,24.896,150951.1,134613.8,134838.86
2018-07-04,25.69,26.01,25.06,25.0,123604.03,-0.83,-3.21,24.892,23.937,25.047,170281.61,138898.18,139370.67
2018-07-03,25.16,26.07,25.9,24.21,207639.23,0.83,3.31,24.496,23.77,25.134,163021.76,141363.66,139983.84
2018-07-02,25.5,25.84,25.07,24.55,182243.95,0.22,0.89,24.01,23.508,25.137,146567.24,141003.21,135126.52
2018-06-29,23.82,24.95,24.8,23.38,156768.34,1.17,4.95,23.566,23.525,25.193,127691.46,141221.54,130240.8
2018-06-28,23.8,24.21,23.63,23.44,181152.5,0.53,2.29,23.208,23.674,25.282,118276.5,135078.61,127148.16
2018-06-27,23.44,23.64,23.08,22.9,87304.79,-0.39,-1.66,22.982,23.982,25.414,107514.75,127683.64,127177.39
2018-06-26,22.5,23.76,23.47,22.2,125366.61,0.62,2.71,23.044,24.37,25.625,119705.56,129729.61,132692.48
2018-06-25,23.19,23.39,22.85,22.7,87865.05,-0.16,-0.69,23.006,24.715,25.846,135439.18,127721.33,136694.13
2018-06-22,22.47,23.04,23.01,21.86,109693.56,0.49,2.18,23.484,25.208,26.089,154751.62,136097.9,143908.65
2018-06-21,23.4,23.4,22.5,22.47,127343.75,-0.9,-3.85,24.14,25.657,26.384,151880.72,135063.93,148258.4
2018-06-20,23.3,23.7,23.39,22.72,148258.83,0.09,0.39,24.982,26.157,26.694,147852.53,139843.17,154779.97
2018-06-19,24.78,25.1,23.28,22.83,204034.73,-1.95,-7.73,25.696,26.497,26.993,139753.65,138604.02,165987.52
2018-06-15,26.4,26.54,25.24,25.02,184427.22,-1.04,-3.96,26.424,26.766,27.23,120003.47,129249.82,173257.71
2018-06-14,26.18,26.75,26.29,26.11,95339.06,-0.41,-1.54,26.932,26.86,27.27,117444.18,119260.06,168861.18
2018-06-13,26.55,27.43,26.71,26.39,107202.79,-0.23,-0.85,27.174,26.89,27.239,118247.14,119217.71,167117.86
2018-06-12,26.98,27.2,26.96,26.12,107764.46,0.03,0.11,27.332,26.846,27.185,131833.81,126671.15,167512.71
2018-06-11,27.6,27.6,26.92,26.88,105283.84,-0.85,-3.06,27.298,26.879,27.134,137454.39,135655.36,170704.45
2018-06-08,27.7,28.12,27.78,27.21,171630.75,0.29,1.05,27.108,26.977,27.114,138496.17,145666.92,173088.38
2018-06-07,27.5,27.7,27.5,27.05,99353.84,0.0,0.0,26.788,26.97,27.022,121075.94,151719.41,169426.8
2018-06-06,27.0,27.88,27.5,26.93,175136.14,0.7,2.61,26.606,27.11,26.978,120188.29,161452.87,169314.0
2018-06-05,26.05,26.84,26.79,25.9,135867.36,0.83,3.2,26.36,27.231,26.918,121508.49,169716.77,165089.54
2018-06-04,26.42,26.55,25.97,25.88,110492.74,-0.21,-0.8,26.46,27.489,26.917,133856.34,193371.02,163924.9
2018-06-01,26.4,26.58,26.18,25.9,84529.61,-0.37,-1.39,26.846,27.693,26.953,152837.68,217265.59,162973.55
2018-05-31,26.36,26.8,26.59,26.13,94915.6,0.33,1.26,27.152,27.68,26.957,182362.88,218462.3,164158.09
2018-05-30,26.75,26.83,26.27,25.6,181737.12,-1.0,-3.67,27.614,27.588,26.956,202717.45,215018.0,167454.84
2018-05-29,28.15,28.26,27.29,27.02,197606.61,-0.6,-2.15,28.102,27.523,26.963,217925.05,208354.28,167046.45
2018-05-28,27.97,28.46,27.9,27.74,205399.45,0.19,0.69,28.518,27.389,26.962,252885.71,205753.55,174008.78
2018-05-25,28.79,28.88,27.71,27.37,232155.61,-1.18,-4.08,28.54,27.251,26.976,281693.51,200509.83,176040.41
2018-05-24,28.96,29.28,28.9,28.5,196688.47,0.22,0.77,28.208,27.074,27.004,254561.73,187134.18,177430.38
2018-05-23,28.94,29.5,28.71,28.55,257775.09,-0.64,-2.18,27.562,26.846,26.932,227318.55,177175.12,175264.86
2018-05-22,27.7,29.88,29.37,27.68,372409.94,1.35,4.82,26.944,26.604,26.81,198783.5,160462.31,170231.71
2018-05-21,26.68,28.56,28.01,26.68,349438.44,1.96,7.52,26.26,26.345,26.651,158621.38,134478.77,163249.47
2018-05-18,25.9,26.15,26.05,25.63,96496.71,0.37,1.44,25.962,26.212,26.503,119326.15,108681.52,155529.39
2018-05-17,25.57,25.8,25.67,25.56,60472.57,0.07,0.27,25.94,26.234,26.426,119706.63,109853.87,169977.32
2018-05-16,25.75,26.15,25.62,25.47,115099.86,-0.32,-1.23,26.13,26.324,26.457,127031.7,119891.68,176312.84
2018-05-15,26.5,26.5,25.95,25.4,171599.31,-0.55,-2.08,26.264,26.403,26.526,122141.11,125738.63,174055.27
2018-05-14,26.38,26.88,26.52,26.38,152962.31,0.58,2.24,26.43,26.534,26.6,110336.17,142264.02,168326.88
2018-05-11,26.67,26.77,25.94,25.86,98399.12,-0.69,-2.59,26.462,26.701,26.639,98036.88,151571.0,163626.41
2018-05-10,26.46,26.78,26.62,26.36,97097.89,0.32,1.22,26.528,26.933,26.737,100001.11,167726.59,162170.2
2018-05-09,26.76,26.76,26.29,26.21,90646.91,-0.49,-1.83,26.518,27.017,26.786,112751.67,173354.59,161085.67
2018-05-08,26.65,26.94,26.78,26.2,112574.6,0.08,0.3,26.542,27.015,26.839,129336.15,180001.11,161097.11
2018-05-07,26.33,26.82,26.68,26.33,91465.87,0.41,1.56,26.638,26.957,26.908,174191.88,192020.17,159620.82
2018-05-04,26.57,26.78,26.27,26.09,108220.28,-0.3,-1.13,26.94,26.793,27.024,205105.11,202377.26,160569.6
2018-05-03,26.48,26.98,26.57,25.65,160850.67,0.15,0.57,27.338,26.617,27.156,235452.06,230100.76,161251.92
2018-05-02,27.1,27.29,26.41,26.01,173569.34,-0.87,-3.19,27.516,26.59,27.262,233957.52,232734.0,158832.74
2018-04-27,28.66,29.38,27.26,26.9,336853.22,-0.87,-3.09,27.488,26.649,27.326,230666.06,222371.91,153067.48
2018-04-26,28.37,28.72,28.19,27.68,246032.06,-0.07,-0.25,27.276,26.666,27.352,209848.46,194389.74,140916.63
2018-04-25,27.63,28.68,28.26,27.53,259955.02,0.79,2.88,26.646,26.577,27.321,199649.41,175681.83,133649.25
2018-04-24,26.3,27.5,27.46,25.75,153377.94,1.21,4.61,25.896,26.541,27.24,224749.45,156613.82,124970.0
2018-04-23,26.45,27.16,26.27,25.74,157112.08,0.08,0.3,25.664,26.555,27.142,231510.48,148816.75,123566.69
2018-04-20,25.02,27.0,26.2,24.65,232765.22,1.16,4.63,25.81,26.662,27.213,214077.76,142193.11,118379.46
2018-04-19,24.5,25.26,25.04,24.03,195036.81,0.55,2.25,26.056,26.858,27.301,178931.02,127221.47,111040.72
2018-04-18,26.62,26.62,24.51,23.67,385455.22,-1.79,-6.81,26.508,27.254,27.436,151714.24,118761.93,104476.12
2018-04-17,27.67,27.97,26.3,25.93,187183.06,-0.7,-2.59,27.186,27.694,27.619,88478.19,92403.08,87995.72
2018-04-16,27.3,27.61,27.0,26.74,69948.51,-0.43,-1.57,27.446,27.934,27.725,66123.01,84931.48,80790.46
2018-04-13,27.48,27.98,27.43,27.0,57031.5,0.15,0.55,27.514,28.003,27.805,70308.46,83763.04,80750.76
2018-04-12,27.8,28.13,27.3,27.25,58952.89,-0.6,-2.15,27.66,28.038,27.866,75511.92,87443.51,80745.22
2018-04-11,27.75,28.3,27.9,27.68,69275.0,0.3,1.09,28.0,28.065,27.962,85809.62,91616.68,81928.55
2018-04-10,27.5,27.66,27.6,27.08,75407.16,0.26,0.95,28.202,27.938,28.067,96327.97,93326.18,83802.87
2018-04-09,28.16,28.39,27.34,27.0,90875.74,-0.83,-2.95,28.422,27.728,28.175,103739.95,98316.64,85468.01
2018-04-04,29.05,29.25,28.16,28.05,83048.82,-0.85,-2.93,28.492,27.763,28.243,97217.63,94565.81,83763.41
2018-04-03,28.44,29.26,29.0,27.88,110441.38,0.09,0.31,28.416,27.743,28.28,99375.1,94859.97,83313.13
2018-04-02,28.79,29.66,28.91,28.49,121866.76,0.19,0.66,28.13,27.618,28.308,97423.74,90190.3,84202.38
2018-03-30,27.7,28.83,28.7,27.5,112467.03,1.0,3.61,27.674,27.543,28.325,90324.38,83588.35,82704.7
2018-03-29,27.88,28.2,27.69,27.12,58264.16,-0.09,-0.32,27.034,27.516,28.333,92893.34,76649.43,82395.05
2018-03-28,27.03,28.28,27.78,27.03,93836.15,0.22,0.8,27.034,27.607,28.407,91913.99,77738.47,86490.18
2018-03-27,27.2,28.38,27.57,27.2,100684.62,0.96,3.61,27.07,27.694,28.439,90344.84,74046.93,87576.06
2018-03-26,25.1,26.68,26.63,24.95,86369.95,1.19,4.68,27.106,27.859,28.457,82956.86,72240.41,91175.02
2018-03-23,26.07,26.88,25.5,25.17,125311.81,-2.18,-7.88,27.412,28.196,28.528,76852.32,74279.57,94051.64
2018-03-22,27.95,28.37,27.69,27.48,53367.42,-0.28,-1.0,27.998,28.621,28.588,60405.53,72619.37,91222.97
2018-03-21,27.92,28.68,27.96,27.84,85990.38,0.23,0.83,28.18,28.722,28.548,63562.95,72961.02,91557.66
2018-03-20,28.0,28.08,27.75,27.55,63744.76,-0.41,-1.46,28.318,28.817,28.471,57749.03,71766.3,89430.0
2018-03-19,28.11,28.67,28.16,28.04,55847.21,-0.27,-0.95,28.612,28.997,28.398,61523.96,78214.46,89632.6
2018-03-16,28.79,28.87,28.43,28.33,43077.88,-0.16,-0.56,28.98,29.106,28.304,71706.82,81821.04,91660.95
2018-03-15,28.6,29.08,28.6,28.11,69154.5,-0.06,-0.21,29.244,29.15,28.137,84833.21,88140.67,93464.97
2018-03-14,29.08,29.2,28.65,28.65,56920.81,-0.56,-1.92,29.264,29.207,27.999,82359.09,95241.89,96420.14
2018-03-13,30.0,30.0,29.22,29.0,82619.38,-0.81,-2.7,29.316,29.184,27.814,85783.56,101105.19,100308.34
2018-03-12,29.91,30.29,30.0,29.54,106761.54,0.24,0.81,29.382,29.055,27.558,94904.96,110109.64,100737.34
2018-03-09,28.7,29.86,29.75,28.7,108709.82,1.01,3.51,29.232,28.86,27.314,91935.26,113823.72,99219.83
2018-03-08,28.86,29.16,28.7,28.5,56783.89,-0.19,-0.66,29.056,28.555,27.116,91448.13,109826.57,100238.61
2018-03-07,29.43,29.44,28.91,28.82,74043.17,-0.64,-2.17,29.15,28.373,26.937,108124.69,110154.31,108082.13
2018-03-06,29.31,29.89,29.55,28.85,128226.4,0.3,1.03,29.052,28.124,26.8,116426.81,107093.71,111411.6
2018-03-05,28.87,29.34,29.25,28.33,91913.03,0.36,1.25,28.728,27.798,26.701,125314.31,101050.74,108470.0
2018-03-02,29.02,29.37,28.87,28.48,106274.14,-0.28,-0.96,28.488,27.501,26.628,135712.17,101500.85,116721.87
2018-03-01,28.1,29.7,29.17,28.02,140166.73,0.75,2.64,28.054,27.124,26.658,128205.02,98789.28,119867.05
2018-02-28,27.64,28.81,28.42,27.48,115553.77,0.51,1.83,27.596,26.791,26.633,112183.92,97598.38,119003.86
2018-02-27,28.06,28.88,27.93,27.8,172663.88,-0.11,-0.39,27.196,26.443,26.653,97760.61,99511.49,119782.69
2018-02-26,27.0,28.39,28.05,26.83,143902.34,1.37,5.13,26.868,26.06,26.65,76787.16,91365.04,116104.27
2018-02-23,27.08,27.58,26.7,26.5,68738.38,-0.17,-0.63,26.514,25.768,26.667,67289.53,84615.94,113851.01
2018-02-22,26.5,27.33,26.88,26.5,60061.24,0.46,1.74,26.194,25.677,26.726,69373.53,90650.65,113909.71
2018-02-14,26.2,26.73,26.42,26.11,43437.21,0.13,0.49,25.986,25.501,26.769,83012.84,106009.95,115571.92
2018-02-13,26.29,26.78,26.29,26.1,67796.63,0.02,0.08,25.69,25.476,26.864,101262.37,115729.5,120049.0
2018-02-12,25.39,26.56,26.28,25.39,96414.17,1.16,4.62,25.252,25.604,26.969,105942.92,115889.26,123773.22
2018-02-09,25.11,25.7,25.1,24.81,79158.42,-0.74,-2.86,25.022,25.755,27.079,101942.35,131942.89,126869.4
2018-02-08,24.85,25.95,25.84,24.68,128257.77,0.9,3.61,25.16,26.191,27.299,111927.77,140944.83,126740.42
2018-02-07,24.9,25.2,24.94,23.6,134684.84,0.8,3.31,25.016,26.474,27.502,129007.06,140409.34,127580.06
2018-02-06,24.0,24.95,24.1,24.0,91199.41,-1.04,-4.14,25.262,26.862,27.713,130196.63,140053.9,125879.5
2018-02-05,25.3,26.06,25.13,25.01,76411.32,-0.69,-2.67,25.956,27.24,27.987,125835.59,140843.5,127554.75
2018-02-02,25.09,26.06,25.79,24.8,129085.52,0.66,2.63,26.488,27.566,28.195,161943.43,143086.08,129866.63
2018-02-01,26.11,26.2,25.12,24.48,213654.19,-1.1,-4.2,27.222,27.774,28.399,169961.88,137168.77,128529.13
2018-01-31,27.8,27.87,26.17,26.16,140632.69,-1.42,-5.15,27.932,28.036,28.655,151811.62,125133.9,122622.41
2018-01-30,27.53,28.09,27.57,27.42,69394.23,-0.22,-0.79,28.462,28.251,28.861,149911.18,124368.5,126167.97
2018-01-29,29.86,29.86,27.79,27.25,256950.52,-1.68,-5.7,28.524,28.333,28.939,155851.4,131657.18,130023.33
2018-01-26,28.96,29.66,29.46,28.92,169177.77,0.78,2.72,28.644,28.402,28.991,124228.72,121795.91,126113.27
2018-01-25,28.8,29.09,28.67,28.46,122902.88,-0.13,-0.45,28.326,28.406,28.966,104375.66,112536.01,124398.46
2018-01-24,27.94,28.85,28.82,27.54,131130.48,0.94,3.37,28.14,28.53,29.032,98456.18,114750.77,122962.52
2018-01-23,28.2,28.5,27.88,27.8,99095.36,-0.5,-1.76,28.04,28.563,29.13,98825.81,111705.09,119796.76
2018-01-22,27.93,28.58,28.39,27.37,98837.13,0.53,1.9,28.142,28.733,29.277,107462.96,114266.01,120107.45
2018-01-19,27.77,28.19,27.87,27.7,69912.43,0.1,0.36,28.16,28.824,29.436,119363.09,116647.18,119858.01
2018-01-18,28.25,28.54,27.74,27.66,93305.51,-0.57,-2.01,28.486,29.023,29.62,120696.37,119889.5,124408.07
2018-01-17,28.72,28.79,28.32,27.2,132978.64,-0.08,-0.28,28.92,29.274,29.759,131045.37,120110.91,123751.72
2018-01-16,28.46,29.04,28.39,28.08,142281.08,-0.07,-0.25,29.086,29.47,29.88,124584.37,127967.45,121987.5
2018-01-15,29.46,29.54,28.48,28.34,158337.8,-0.99,-3.36,29.324,29.545,29.986,121069.05,128389.49,121238.12
2018-01-12,29.78,29.84,29.5,29.45,76578.83,-0.4,-1.34,29.488,29.58,30.132,113931.28,130430.63,119106.18
2018-01-11,29.05,30.13,29.91,28.91,145050.48,0.76,2.61,29.56,29.526,30.262,119082.63,136260.91,124773.83
2018-01-10,29.56,29.56,29.15,28.91,100673.68,-0.43,-1.45,29.628,29.533,30.358,109176.46,131174.26,127589.21
2018-01-09,29.26,29.62,29.58,28.99,124704.47,0.29,0.99,29.854,29.697,30.452,131350.52,127888.42,130267.03
2018-01-08,29.76,29.82,29.3,28.89,122648.92,-0.56,-1.88,29.766,29.82,30.562,135709.92,125948.89,134380.27
2018-01-05,30.24,30.44,29.86,29.63,102335.59,-0.4,-1.32,29.672,30.047,30.648,146929.98,123068.84,137436.84
2018-01-04,30.29,30.32,30.25,29.85,95519.62,-0.05,-0.17,29.492,30.216,30.678,153439.2,128926.65,137895.3
2018-01-03,29.0,30.57,30.28,28.96,211544.02,1.16,3.98,29.438,30.244,30.714,153172.06,127392.53,140790.98
2018-01-02,28.85,29.15,29.14,28.34,146501.44,0.31,1.07,29.54,30.289,30.704,124426.32,116007.54,138401.7
2017-12-29,28.98,29.21,28.83,28.33,178749.23,-0.14,-0.48,29.874,30.426,30.793,116187.86,114086.75,138967.47
2017-12-28,29.99,30.14,28.96,28.87,134881.69,-1.03,-3.43,30.422,30.683,30.912,99207.7,107781.73,135866.85
2017-12-27,30.87,30.87,29.98,29.89,94183.9,-0.79,-2.57,30.94,30.998,30.999,104414.1,113286.74,134178.17
2017-12-26,30.72,30.99,30.79,30.12,67815.33,-0.03,-0.1,31.05,31.183,31.043,101613.0,124004.16,136547.6
2017-12-25,31.54,31.69,30.81,30.55,105309.16,-0.73,-2.31,31.038,31.207,31.06,107588.77,132645.64,141337.0
2017-12-22,31.45,31.76,31.57,31.3,93848.4,0.02,0.06,30.978,31.304,31.022,111985.64,142811.64,147807.66
2017-12-21,30.54,31.87,31.55,30.34,160913.69,1.02,3.34,30.944,31.248,31.086,116355.77,151804.84,155584.84
2017-12-20,30.73,30.88,30.53,30.04,80178.4,-0.2,-0.65,31.056,31.14,31.128,122159.39,146863.95,161671.79
2017-12-19,30.5,30.98,30.73,30.24,97694.2,0.25,0.82,31.316,31.184,31.391,146395.32,154189.43,170873.83
2017-12-18,31.28,31.45,30.51,30.0,127293.49,-0.9,-2.87,31.376,31.119,31.628,157702.51,160795.86,178591.79
2017-12-15,32.05,32.05,31.4,31.1,115699.07,-0.69,-2.15,31.63,31.16,31.862,173637.65,163848.19,182305.69
2017-12-14,31.68,32.2,32.11,31.47,189931.77,0.28,0.88,31.552,31.141,31.982,187253.9,163951.97,186763.82
2017-12-13,30.5,31.85,31.83,30.3,201358.08,0.82,2.64,31.224,30.999,32.17,171568.51,155069.6,186349.28
2017-12-12,31.58,31.86,31.03,30.97,154230.12,-0.72,-2.27,31.052,30.902,32.327,161983.54,149091.03,187825.67
2017-12-11,31.19,31.93,31.78,30.98,206969.2,0.77,2.48,30.862,30.912,32.568,163889.21,150028.37,189912.91
2017-12-08,30.48,31.72,31.01,30.07,183780.34,0.52,1.71,30.69,30.739,32.841,154058.73,152803.67,191736.45
2017-12-07,30.75,31.22,30.47,30.29,111504.82,-0.49,-1.58,30.73,30.923,33.145,140650.03,159364.85,196757.92
2017-12-06,30.09,30.98,30.97,29.5,153433.22,0.82,2.72,30.774,31.115,33.417,138570.68,176479.62,202207.3
2017-12-05,31.0,31.1,30.08,29.13,163758.45,-0.83,-2.69,30.752,31.598,33.633,136198.53,187558.23,210528.89
2017-12-04,31.04,31.98,30.92,30.51,157816.8,-0.28,-0.9,30.962,32.137,33.841,136167.53,196387.73,214022.76
2017-12-01,30.6,31.59,31.21,30.6,116736.86,0.52,1.69,30.788,32.564,33.995,151548.61,200763.19,218737.07
2017-11-30,30.6,31.37,30.69,30.04,101108.08,-0.17,-0.55,31.116,32.822,34.027,178079.66,209575.67,228143.13
2017-11-29,31.36,31.36,30.86,29.53,141572.45,-0.26,-0.83,31.456,33.341,34.167,214388.56,217628.95,229362.04
2017-11-28,30.0,31.25,31.13,29.95,163603.48,1.06,3.52,32.444,33.752,34.285,238917.93,226560.31,231207.16
2017-11-27,32.65,32.65,30.05,29.6,234722.2,-2.78,-8.47,33.312,34.223,34.418,256607.92,229797.46,234080.52
2017-11-24,32.94,34.5,32.85,32.66,249392.09,0.41,1.26,34.34,34.943,34.526,249977.77,230669.24,229275.49
2017-11-23,35.25,35.78,32.39,32.24,282652.59,-3.43,-9.58,34.528,35.366,34.49,241071.67,234151.0,222176.1
2017-11-22,35.59,36.46,35.8,35.13,264219.28,0.33,0.93,35.226,35.718,34.499,220869.34,227934.98,220387.52
2017-11-21,35.08,36.26,35.47,34.91,252053.45,0.28,0.8,35.06,35.667,34.293,214202.69,233499.55,214688.96
2017-11-20,33.13,35.28,35.19,32.51,201571.45,1.44,4.27,35.134,35.544,34.135,202986.99,231657.8,208375.38
2017-11-17,35.5,35.77,33.79,33.5,204861.59,-2.11,-5.88,35.546,35.425,33.983,211360.7,236710.95,203385.89
2017-11-16,34.77,36.15,35.88,34.4,181640.95,0.88,2.51,36.204,35.231,33.859,227230.32,246710.59,196774.62
2017-11-15,35.77,36.4,34.97,34.08,230886.0,-0.85,-2.37,36.21,34.993,33.601,235000.62,241095.14,195237.75
2017-11-14,37.1,37.1,35.84,35.37,195974.95,-1.41,-3.79,36.274,34.817,33.444,252796.42,235854.01,189610.25
2017-11-13,36.7,37.84,37.25,36.42,243440.02,0.2,0.54,35.954,34.612,33.252,260328.61,238363.58,187432.7
2017-11-10,35.69,37.5,37.08,35.51,284209.69,1.17,3.26,35.304,34.108,33.035,262061.19,227881.74,186083.86
2017-11-09,35.29,36.39,35.91,34.57,220492.45,0.62,1.76,34.258,33.614,32.807,266190.86,210201.2,180046.35
2017-11-08,34.3,36.15,35.29,33.81,319864.97,1.05,3.07,33.776,33.28,32.63,247189.65,212840.06,181219.09
2017-11-07,34.0,34.4,34.24,33.4,233635.91,0.24,0.71,33.36,32.919,32.461,218911.6,195878.37,177961.32
2017-11-06,31.79,34.07,34.0,31.51,252102.95,2.15,6.75,33.27,32.726,32.386,216398.56,185092.97,179102.27
2017-11-03,33.25,33.37,31.85,31.39,304858.0,-1.65,-4.92,32.912,32.54,32.351,193702.29,170060.83,184927.81
2017-11-02,33.2,33.7,33.5,32.53,125486.42,0.29,0.87,32.97,32.486,32.389,154211.54,146838.65,190401.2
2017-11-01,33.67,34.45,33.21,33.1,178474.73,-0.58,-1.72,32.784,32.208,32.309,178490.48,149380.37,204890.51
2017-10-31,32.16,33.88,33.79,31.58,221070.69,1.58,4.91,32.478,32.071,32.216,172845.14,143366.5,213155.47
2017-10-30,31.76,32.64,32.21,31.0,138621.62,0.07,0.22,32.182,31.891,31.951,153787.37,136501.81,208896.68
2017-10-27,32.2,32.57,32.14,31.97,107404.23,-0.43,-1.32,32.168,31.962,31.756,146419.37,144285.97,216881.6
2017-10-26,31.7,33.13,32.57,31.68,246881.12,0.89,2.81,32.002,31.999,31.57,139465.75,149891.51,222952.11
2017-10-25,31.85,31.85,31.68,31.08,150248.06,-0.63,-1.95,31.632,31.98,31.3,120270.26,149598.13,217155.67
2017-10-24,32.35,32.96,32.31,31.79,125781.84,0.17,0.53,31.664,32.002,31.114,113887.86,160044.26,214527.32
2017-10-23,31.18,32.3,32.14,31.1,101781.58,0.83,2.65,31.6,32.046,30.907,119216.25,173111.57,213351.12
2017-10-20,30.76,31.36,31.31,30.58,72636.16,0.59,1.92,31.756,32.162,30.734,142152.57,199794.78,217312.84
2017-10-19,31.5,31.5,30.72,30.6,150903.64,-1.12,-3.52,31.996,32.291,30.559,160317.26,233963.76,218875.63
2017-10-18,31.99,32.28,31.84,31.64,118336.06,-0.15,-0.47,32.328,32.409,30.406,178925.99,260400.65,214859.3
2017-10-17,32.67,32.78,31.99,31.5,152423.83,-0.93,-2.83,32.34,32.36,30.207,206200.66,282944.45,211563.62
2017-10-16,32.2,33.98,32.92,31.92,216463.16,0.41,1.26,32.492,32.011,29.999,227006.88,281291.54,208272.72
2017-10-13,32.17,33.1,32.51,31.83,163459.62,0.13,0.4,32.568,31.549,29.747,257436.99,289477.23,204875.1
2017-10-12,31.55,32.81,32.38,31.55,243947.3,0.48,1.5,32.586,31.14,29.533,307610.26,296012.72,201648.09
2017-10-11,32.76,32.77,31.9,31.5,254709.38,-0.85,-2.6,32.49,30.62,29.309,341875.31,284713.21,192902.94
2017-10-10,32.89,33.4,32.75,32.34,256454.94,-0.55,-1.65,32.38,30.226,29.119,359688.23,269010.38,184416.38
2017-10-09,34.02,35.17,33.3,33.03,368613.72,0.7,2.15,31.53,29.767,28.877,335576.2,253590.67,176783.94
2017-09-29,32.25,33.99,32.6,32.02,414325.97,0.7,2.19,30.53,29.305,28.616,321517.46,234830.91,168086.43
2017-09-28,32.38,32.8,31.9,31.6,415272.56,0.55,1.75,29.694,28.826,28.329,284415.18,203787.49,151535.12
2017-09-27,29.0,31.35,31.35,28.73,343773.97,2.85,10.0,28.75,28.403,28.072,227551.11,169317.94,138173.56
2017-09-26,28.5,28.78,28.5,27.9,135894.77,0.2,0.71,28.072,28.053,27.87,178332.53,140182.8,125189.8
2017-09-25,28.6,29.59,28.3,28.22,298320.03,-0.12,-0.42,28.004,27.987,27.807,171605.14,135253.89,122469.28
2017-09-22,26.88,28.8,28.42,26.62,228814.56,1.24,4.56,28.08,27.945,27.763,148144.36,120272.98,117075.62
2017-09-21,28.1,28.15,27.18,27.1,130952.21,-0.78,-2.79,27.958,27.925,27.725,123159.8,107283.46,113541.05
2017-09-20,28.15,28.45,27.96,27.8,97681.08,-0.2,-0.71,28.056,27.998,27.699,111084.77,101092.66,112172.46
2017-09-19,28.5,28.78,28.16,28.12,102257.84,-0.52,-1.81,28.034,28.012,27.63,102033.08,99822.38,111063.36
2017-09-18,27.82,29.03,28.68,27.66,181016.09,0.87,3.13,27.97,27.986,27.576,98902.64,99977.21,111782.1
2017-09-15,27.61,28.27,27.81,27.58,103891.78,0.14,0.51,27.81,27.927,27.498,92401.6,101341.95,110347.8
2017-09-14,28.07,28.1,27.67,27.57,70577.04,-0.18,-0.65,27.892,27.831,27.48,91407.12,99282.75,112468.87
2017-09-13,27.8,27.99,27.85,27.62,52422.64,0.01,0.04,27.94,27.741,27.457,91100.55,107029.19,122465.93
2017-09-12,27.88,28.05,27.84,27.53,86605.66,-0.04,-0.14,27.99,27.686,27.372,97611.67,110196.79,125081.11
2017-09-11,28.05,28.8,27.88,27.67,148510.88,-0.34,-1.21,28.002,27.626,27.287,101051.77,109684.67,125438.44
2017-09-08,27.85,28.24,28.22,27.5,98919.38,0.31,1.11,28.044,27.581,27.206,110282.3,113878.27,127014.02
2017-09-07,28.27,28.37,27.91,27.71,69044.2,-0.19,-0.68,27.77,27.524,27.04,107158.37,119798.65,126166.98
2017-09-06,27.7,28.23,28.1,27.6,84978.24,0.2,0.72,27.542,27.399,26.893,122957.83,123252.26,128091.35
2017-09-05,28.0,28.1,27.9,27.5,103806.16,-0.19,-0.68,27.382,27.248,26.768,122781.91,122304.34,129039.42
2017-09-04,26.73,28.1,28.09,26.61,194663.5,1.24,4.62,27.25,27.166,26.638,118317.57,123586.99,126825.17
2017-09-01,26.71,27.13,26.85,26.61,83299.75,0.08,0.3,27.118,27.069,26.491,117474.24,119353.66,119961.63
2017-08-31,27.2,27.27,26.77,26.41,148041.48,-0.53,-1.94,27.278,27.128,26.395,132438.92,125654.99,118841.95
2017-08-30,27.23,27.62,27.3,27.13,84098.65,0.06,0.22,27.256,27.172,26.324,123546.7,137902.66,115424.05
2017-08-29,27.34,27.55,27.24,27.05,81484.48,-0.19,-0.69,27.114,27.058,26.216,121826.76,139965.44,116795.76
2017-08-28,27.91,28.0,27.43,27.28,190446.84,-0.22,-0.8,27.082,26.948,26.128,128856.42,141192.2,122858.85
2017-08-25,27.0,27.67,27.65,26.86,158123.17,0.99,3.71,27.02,26.831,25.981,121233.07,140149.76,118548.62
2017-08-24,26.59,27.27,26.66,26.51,103580.37,0.07,0.26,26.978,26.556,25.789,118871.05,132535.32,112349.58
2017-08-23,26.77,26.92,26.59,26.44,75498.96,-0.49,-1.81,27.088,26.386,25.646,152258.62,132930.44,110264.33
2017-08-22,26.91,27.1,27.08,26.36,116632.74,-0.04,-0.15,27.002,26.288,25.481,158104.11,135774.51,108827.21
2017-08-21,27.58,28.4,27.12,26.83,152330.12,-0.32,-1.17,26.814,26.109,25.305,153527.99,130063.34,104349.86
2017-08-18,26.8,27.48,27.44,26.75,146313.06,0.23,0.84,26.642,25.912,25.132,159066.45,120569.6,98204.6
2017-08-17,26.66,27.69,27.21,26.33,270518.22,1.05,4.01,26.134,25.662,24.949,146199.58,112028.91,92188.8
2017-08-16,26.1,26.59,26.16,25.92,104726.4,0.02,0.08,25.684,25.475,24.788,113602.26,92945.44,80504.86
2017-08-15,26.21,26.21,26.14,25.85,93752.15,-0.12,-0.46,25.574,25.374,24.677,113444.92,93626.08,77891.89
2017-08-14,24.92,26.45,26.26,24.91,180022.44,1.36,5.46,25.404,25.307,24.529,106598.68,104525.5,76493.54
2017-08-11,24.72,25.47,24.9,24.69,81978.71,-0.06,-0.24,25.182,25.131,24.391,82072.75,96947.48,70123.32
2017-08-10,25.85,25.89,24.96,24.84,107531.59,-0.65,-2.54,25.19,25.022,24.374,77858.24,92163.85,68137.64
2017-08-09,25.34,25.65,25.61,25.12,103939.7,0.32,1.26,25.266,24.905,24.355,72288.61,87598.23,64365.96
2017-08-08,25.06,25.35,25.29,24.72,59520.98,0.14,0.56,25.174,24.674,24.305,73807.25,81879.9,60733.2
2017-08-07,25.01,25.39,25.15,24.95,57392.76,0.21,0.84,25.21,24.5,24.268,102452.32,78636.38,61035.18
2017-08-04,25.35,25.45,24.94,24.86,60906.19,-0.4,-1.58,25.08,24.352,24.233,111822.22,75839.61,60371.91
2017-08-03,25.0,25.44,25.34,24.9,79683.44,0.19,0.76,24.854,24.235,24.223,106469.45,72348.69,59255.91
2017-08-02,25.45,25.47,25.15,24.97,111532.87,-0.32,-1.26,24.544,24.101,24.191,102907.84,68064.28,60443.45
2017-08-01,24.51,25.86,25.47,24.51,202746.34,0.97,3.96,24.174,23.979,24.202,89952.55,62157.7,56509.82
2017-07-31,24.4,24.88,24.5,24.28,104242.26,0.69,2.9,23.79,23.75,24.193,54820.43,48461.58,47992.03
2017-07-28,23.75,24.02,23.81,23.61,34142.36,0.02,0.08,23.624,23.651,24.235,39856.99,43299.16,45151.75
2017-07-27,23.27,23.93,23.79,23.15,61875.39,0.49,2.1,23.616,23.726,24.312,38227.93,44111.44,45215.95
2017-07-26,23.48,23.66,23.3,23.13,46756.39,-0.25,-1.06,23.658,23.805,24.415,33220.71,41133.69,46080.67
2017-07-25,23.66,23.78,23.55,23.48,27085.77,-0.12,-0.51,23.784,23.935,24.506,34362.86,39586.5,45234.22
2017-07-24,23.77,23.88,23.67,23.52,29425.06,-0.1,-0.42,23.71,24.036,24.602,42102.72,43433.99,46692.11
2017-07-21,23.7,23.97,23.77,23.65,25997.05,0.11,0.47,23.678,24.114,24.7,46741.32,44904.22,52096.3
2017-07-20,23.93,24.33,24.0,23.88,36839.27,0.07,0.29,23.836,24.211,24.736,49994.94,46163.12,54211.59
2017-07-19,23.2,24.0,23.93,23.0,52467.14,0.75,3.24,23.952,24.281,24.73,49046.67,52822.62,54731.71
2017-07-18,23.23,23.69,23.18,22.97,65785.08,-0.33,-1.4,24.086,24.425,24.752,44810.15,50861.93,54797.83
2017-07-17,24.45,24.45,23.51,23.35,52618.04,-1.05,-4.28,24.362,24.635,24.815,44765.25,47522.48,54051.2
2017-07-14,24.63,24.63,24.56,24.29,42265.16,-0.02,-0.08,24.55,24.819,24.853,43067.12,47004.34,54513.29
2017-07-13,24.68,24.7,24.58,24.32,32097.95,-0.02,-0.08,24.586,24.898,24.852,42331.3,46320.46,56811.71
2017-07-12,24.38,24.64,24.6,24.15,31284.51,0.04,0.16,24.61,25.025,24.82,56598.57,51027.64,58193.9
2017-07-11,24.39,24.66,24.56,24.07,65560.6,0.11,0.45,24.764,25.077,24.756,56913.71,50881.94,58149.13
2017-07-10,24.8,24.85,24.45,24.41,44127.37,-0.29,-1.17,24.908,25.168,24.688,50279.7,49950.23,56534.96
2017-07-07,24.7,24.9,24.74,24.6,38586.05,0.04,0.16,25.088,25.286,24.626,50941.57,59288.39,56867.43
2017-07-06,25.26,25.77,24.7,24.6,103434.3,-0.67,-2.64,25.21,25.26,24.561,50309.62,62260.07,58902.27
2017-07-05,25.28,25.43,25.37,25.02,32860.23,0.09,0.36,25.44,25.178,24.478,45456.71,56640.8,58448.81
2017-07-04,25.29,25.51,25.28,25.14,32390.57,-0.07,-0.28,25.39,25.078,24.358,44850.17,58733.73,60819.58
2017-07-03,25.4,25.48,25.35,25.0,47436.7,0.0,0.0,25.428,24.995,24.186,49620.76,60579.92,59869.54
2017-06-30,25.68,25.79,25.35,25.25,35426.28,-0.5,-1.93,25.484,24.887,24.005,67635.21,62022.24,58835.8
2017-06-29,25.1,25.88,25.85,24.91,79169.79,0.73,2.91,25.31,24.805,23.814,74210.52,67302.97,59210.02
2017-06-28,25.38,25.48,25.12,25.08,29827.52,-0.35,-1.37,24.916,24.615,23.613,67824.88,65360.16,57246.68
2017-06-27,25.64,25.73,25.47,25.25,56243.49,-0.16,-0.62,24.766,24.434,23.465,72617.28,65416.31,57195.67
2017-06-26,24.55,25.67,25.63,24.55,137508.95,1.15,4.7,24.562,24.208,23.29,71539.07,63119.7,55753.72
2017-06-23,23.88,24.5,24.48,23.62,68302.85,0.6,2.51,24.29,23.966,23.112,56409.28,54446.47,50739.1
2017-06-22,24.3,24.32,23.88,23.85,47241.59,-0.49,-2.01,24.3,23.861,22.976,60395.41,55544.47,48719.08
2017-06-21,24.6,24.65,24.37,23.95,53789.51,-0.08,-0.33,24.314,23.778,22.86,62895.44,60256.83,48731.64
2017-06-20,24.5,24.74,24.45,24.28,50852.47,0.18,0.74,24.102,23.637,22.747,58215.34,62905.43,48766.08
2017-06-19,24.39,24.65,24.27,24.11,61859.96,-0.26,-1.06,23.854,23.376,22.657,54700.32,59159.17,47905.62
2017-06-16,24.29,24.65,24.53,24.0,88233.54,0.58,2.42,23.642,23.123,22.579,52483.67,55649.36,46061.59
2017-06-15,23.33,24.08,23.95,23.33,59741.72,0.64,2.75,23.422,22.823,22.506,50693.53,51117.08,44823.91
2017-06-14,23.01,23.58,23.31,23.01,30389.02,0.1,0.43,23.242,22.611,22.449,57618.22,49133.2,44190.39
2017-06-13,23.16,23.52,23.21,23.1,33277.34,0.0,0.0,23.172,22.495,22.396,67595.52,48975.04,45031.57
2017-06-12,23.28,23.7,23.21,23.15,50776.73,-0.22,-0.94,22.898,22.372,22.338,63618.02,48387.75,45295.94
2017-06-09,23.07,23.74,23.43,22.93,79282.84,0.38,1.65,22.604,22.258,22.291,58815.04,47031.73,44900.21
2017-06-08,23.0,23.57,23.05,22.96,94365.19,0.09,0.39,22.224,22.091,22.22,51540.63,41893.68,42550.15
2017-06-07,21.9,22.98,22.96,21.82,80275.48,1.12,5.13,21.98,21.941,22.182,40648.17,37206.44,39562.19
2017-06-06,21.74,21.85,21.84,21.7,13389.86,0.1,0.46,21.818,21.856,22.136,30354.56,34626.73,37096.37
2017-06-05,21.53,21.89,21.74,21.45,26761.84,0.21,0.97,21.846,21.937,22.139,33157.49,36652.07,40130.1
2017-06-02,21.6,21.85,21.53,21.19,42910.78,-0.3,-1.37,21.912,22.034,22.177,35248.42,36473.83,41441.87
2017-06-01,22.24,22.24,21.83,21.33,39902.89,-0.32,-1.45,21.958,22.189,22.243,32246.74,38530.74,41383.19
2017-05-31,22.3,22.45,22.15,22.03,28807.43,0.17,0.77,21.902,22.286,22.311,33764.72,39247.58,41135.29
2017-05-26,22.07,22.17,21.98,21.91,27404.49,-0.09,-0.41,21.894,22.297,22.354,38898.9,41088.1,41052.39
2017-05-25,21.76,22.15,22.07,21.65,37216.49,0.31,1.43,22.028,22.304,22.412,40146.64,42204.13,42391.41
2017-05-24,21.52,21.82,21.76,21.29,27902.38,0.21,0.97,22.156,22.324,22.44,37699.23,42768.7,47449.71
2017-05-23,22.1,22.1,21.55,21.45,47492.8,-0.56,-2.53,22.42,22.348,22.515,44814.75,43206.62,51809.34
2017-05-22,22.63,22.64,22.11,21.7,54478.33,-0.54,-2.38,22.67,22.422,22.663,44730.44,41917.93,51198.06
2017-05-19,22.76,22.99,22.65,22.45,33643.22,-0.06,-0.26,22.7,22.415,22.8,43277.29,39566.01,49851.81
2017-05-18,22.8,23.06,22.71,22.68,24979.44,-0.37,-1.6,22.58,22.341,22.917,44261.61,43608.13,49987.79
2017-05-17,22.96,23.39,23.08,22.9,63479.96,0.28,1.23,22.492,22.32,23.015,47838.16,46409.91,51055.51
2017-05-16,22.08,22.89,22.8,22.02,47071.24,0.54,2.43,22.276,22.296,23.088,41598.49,44235.63,49896.2
2017-05-15,22.71,23.22,22.26,22.2,47212.61,0.21,0.95,22.174,22.336,23.184,39105.42,43023.0,49996.62
2017-05-12,22.31,22.4,22.05,21.8,38564.78,-0.22,-0.99,22.13,22.411,23.329,35854.73,41016.69,50984.77
2017-05-11,21.9,22.4,22.27,21.34,42862.19,0.27,1.23,22.102,22.52,23.49,42954.65,42578.69,52788.07
2017-05-10,22.32,22.42,22.0,21.92,32281.64,-0.29,-1.3,22.148,22.555,23.637,44981.66,52130.73,54406.8
2017-05-09,22.04,22.4,22.29,21.91,34605.86,0.25,1.13,22.316,22.681,23.786,46872.76,60412.06,57341.25
2017-05-08,22.01,22.25,22.04,21.9,30959.18,0.13,0.59,22.498,22.903,23.918,46940.58,60478.2,59547.18
2017-05-05,22.46,22.46,21.91,21.9,74064.37,-0.59,-2.62,22.692,23.185,24.062,46178.64,60137.61,61216.63
2017-05-04,22.84,22.84,22.5,22.48,52997.23,-0.34,-1.49,22.938,23.493,24.207,42202.73,56367.45,61243.83
2017-05-03,23.2,23.2,22.84,22.61,41737.18,-0.36,-1.55,22.962,23.71,24.328,59279.81,55701.11,62618.39
2017-05-02,22.9,23.4,23.2,22.9,34944.94,0.19,0.83,23.046,23.88,24.419,73951.36,55556.77,63246.24
2017-04-28,23.1,23.29,23.01,22.97,27149.5,-0.13,-0.56,23.308,24.031,24.481,74015.82,56970.24,67256.65
2017-04-27,22.55,23.24,23.14,22.35,54184.78,0.52,2.3,23.678,24.246,24.585,74096.58,60952.85,71575.49
2017-04-26,23.28,23.28,22.62,22.3,138382.64,-0.64,-2.75,24.048,24.46,24.709,70532.16,62997.46,73665.21
2017-04-25,24.5,24.65,23.26,22.9,115094.94,-1.25,-5.1,24.458,24.718,24.857,52122.41,56682.88,75504.3
2017-04-24,24.85,24.95,24.51,24.37,35267.22,-0.35,-1.41,24.714,24.891,25.005,37162.17,54270.44,74778.62
2017-04-21,25.01,25.14,24.86,24.85,27553.34,-0.13,-0.52,24.754,24.932,25.082,39924.66,58616.16,77816.7
2017-04-20,24.7,25.07,24.99,24.7,36362.68,0.32,1.3,24.814,24.939,25.133,47809.12,62295.65,84354.24
2017-04-19,24.5,24.78,24.67,24.36,46333.86,0.13,0.53,24.872,24.921,25.191,55462.76,66120.22,86651.51
2017-04-18,24.71,24.92,24.54,24.5,40293.75,-0.17,-0.69,24.978,24.946,25.275,61243.35,69535.66,87505.51
2017-04-17,25.1,25.16,24.71,24.57,49079.66,-0.45,-1.79,25.068,24.958,25.364,71378.7,70935.71,92260.0
2017-04-14,25.31,25.4,25.16,25.0,66975.65,-0.12,-0.47,25.11,24.931,25.47,77307.66,77543.06,95757.71
2017-04-13,25.2,25.44,25.28,25.12,74630.87,0.08,0.32,25.064,24.924,25.537,76782.17,82198.13,95701.3
2017-04-12,25.01,25.31,25.2,24.88,75236.8,0.21,0.84,24.97,24.957,25.597,76777.69,84332.96,95546.04
2017-04-11,24.93,25.03,24.99,24.58,90970.54,0.07,0.28,24.914,24.996,25.66,77827.98,94325.73,96641.73
2017-04-10,24.91,25.1,24.92,24.53,78724.45,-0.01,-0.04,24.848,25.118,25.714,70492.71,95286.8,95290.59
2017-04-07,24.77,24.97,24.93,24.71,64348.21,0.12,0.48,24.752,25.232,25.782,77778.45,97017.23,95569.35
2017-04-06,24.92,24.99,24.81,24.72,74608.45,-0.11,-0.44,24.784,25.326,25.857,87614.09,106412.83,99915.13
2017-04-05,24.76,25.13,24.92,24.62,80488.25,0.26,1.05,24.944,25.46,25.929,91888.23,107182.79,100748.5
2017-03-31,24.44,24.76,24.66,24.42,54294.18,0.22,0.9,25.078,25.603,26.001,110823.48,105475.36,105795.33
2017-03-30,25.02,25.02,24.44,24.38,115153.17,-0.65,-2.59,25.388,25.77,26.053,120080.89,113584.29,106507.96
2017-03-29,25.59,25.59,25.09,25.08,113526.39,-0.52,-2.03,25.712,26.009,26.116,116256.01,113972.37,105670.27
2017-03-28,25.59,25.64,25.61,25.25,95979.18,0.02,0.08,25.868,26.15,26.165,125211.57,109204.47,105726.88
2017-03-27,26.21,26.23,25.59,25.21,175164.5,-0.62,-2.37,25.976,26.236,26.202,122477.35,106759.11,103944.6
2017-03-24,25.96,26.26,26.21,25.82,100581.23,0.15,0.58,26.128,26.323,26.24,100127.24,98957.74,103575.72
2017-03-23,25.82,26.14,26.06,25.58,96028.75,0.19,0.73,26.152,26.31,26.245,107087.68,95294.38,109492.2
2017-03-22,26.03,26.06,25.87,25.49,158304.17,-0.28,-1.07,26.306,26.331,26.222,111688.72,94121.47,108655.7
2017-03-21,26.36,26.48,26.15,26.05,82308.11,-0.2,-0.76,26.432,26.388,26.207,93197.37,93417.44,104635.15
2017-03-20,26.16,26.55,26.35,26.08,63413.95,0.02,0.08,26.496,26.397,26.183,91040.87,94314.21,103071.19
2017-03-17,26.85,27.1,26.33,26.23,135383.42,-0.5,-1.86,26.518,26.399,26.149,97788.23,106115.29,102118.71
2017-03-16,26.65,26.89,26.83,26.42,119033.95,0.33,1.25,26.468,26.336,26.109,83501.08,99431.62,97065.85
2017-03-15,26.44,26.75,26.5,26.36,65847.43,0.03,0.11,26.356,26.222,26.047,76554.22,97368.18,93505.73
2017-03-14,26.5,26.61,26.47,26.26,71525.6,0.01,0.04,26.344,26.179,26.007,93637.5,102249.29,94712.52
2017-03-13,25.91,26.62,26.46,25.76,97150.75,0.38,1.46,26.298,26.167,26.003,97587.54,101130.08,95252.09
2017-03-10,26.22,26.27,26.08,25.88,63947.69,-0.19,-0.72,26.28,26.157,25.997,114442.35,108193.7,95979.28
2017-03-09,26.4,26.65,26.27,26.2,84299.65,-0.17,-0.64,26.204,26.18,26.0,115362.16,123690.01,97660.55
2017-03-08,26.33,26.82,26.44,26.25,151263.81,0.2,0.76,26.088,26.112,25.981,118182.14,123189.93,95619.62
2017-03-07,26.38,26.44,26.24,26.05,91275.81,-0.13,-0.49,26.014,26.026,25.956,110861.07,115852.86,90322.03
2017-03-06,25.85,26.39,26.37,25.7,181424.8,0.67,2.61,26.036,25.968,25.942,104672.62,111828.18,89462.6
2017-03-03,25.55,25.82,25.7,25.39,68546.75,0.01,0.04,26.034,25.898,25.908,101945.05,98122.13,85198.01
2017-03-02,26.18,26.19,25.69,25.61,98399.52,-0.38,-1.46,26.156,25.881,25.866,132017.86,94700.07,82830.27
2017-03-01,26.31,26.34,26.07,25.94,114658.48,-0.28,-1.06,26.136,25.871,25.827,128197.72,89643.27,79209.5
2017-02-28,26.3,26.46,26.35,26.11,60333.57,-0.01,-0.04,26.038,25.834,25.766,120844.64,87175.75,75931.27
2017-02-27,26.37,26.87,26.36,26.16,167786.91,0.05,0.19,25.9,25.838,25.697,118983.74,89374.1,77015.55
2017-02-24,25.7,26.57,26.31,25.62,218910.84,0.72,2.81,25.762,25.837,25.671,94299.21,83764.87,69951.32
2017-02-23,25.56,25.72,25.59,25.36,79298.82,0.01,0.04,25.606,25.82,25.646,57382.27,71631.08,60285.36
2017-02-22,25.69,25.82,25.58,25.35,77893.05,-0.08,-0.31,25.606,25.849,25.652,51088.82,68049.3,57740.29
2017-02-21,25.68,25.79,25.66,25.55,51029.08,-0.01,-0.04,25.63,25.885,25.658,53506.87,64791.21,55895.82
2017-02-20,25.26,25.78,25.67,25.26,44364.25,0.14,0.55,25.776,25.915,25.676,59764.46,67097.01,55427.96
2017-02-17,25.58,25.83,25.53,25.52,34326.17,-0.06,-0.23,25.912,25.917,25.679,73230.52,72273.9,60591.51
2017-02-16,25.7,25.89,25.59,25.51,47831.55,-0.11,-0.43,26.034,25.85,25.687,85879.88,70960.48,61084.43
2017-02-15,26.21,26.44,25.7,25.66,89983.3,-0.69,-2.62,26.092,25.783,25.685,85009.79,68775.73,60477.27
2017-02-14,26.37,26.48,26.39,25.97,82317.04,0.04,0.15,26.14,25.698,25.698,76075.56,64686.79,58175.66
2017-02-13,26.14,26.49,26.35,25.79,111694.55,0.21,0.8,26.054,25.556,25.676,74429.56,64657.01,56147.57
2017-02-10,25.88,26.18,26.14,25.47,97572.96,0.26,1.0,25.922,25.504,25.642,71317.28,56137.77,52179.6
2017-02-09,25.9,25.99,25.88,25.78,43481.09,-0.06,-0.23,25.666,25.471,25.612,56041.07,48939.64,49479.88
2017-02-08,25.73,26.0,25.94,25.62,45312.14,-0.02,-0.08,25.474,25.454,25.604,52541.67,47431.28,49433.36
2017-02-07,25.45,26.16,25.96,25.43,74087.05,0.27,1.05,25.256,25.43,25.59,53298.02,47000.44,49226.01
2017-02-06,26.01,26.49,25.69,25.33,96133.15,0.83,3.34,25.058,25.437,25.563,54884.46,43758.91,47966.66
2017-02-03,24.92,25.08,24.86,24.86,21191.92,-0.06,-0.24,25.086,25.44,25.539,40958.26,48909.13,44908.9
2017-01-26,24.87,25.01,24.92,24.77,25984.09,0.07,0.28,25.276,25.524,25.543,41838.2,51208.39,45793.04
2017-01-25,24.81,24.98,24.85,24.43,49093.88,-0.12,-0.48,25.434,25.586,25.546,42320.88,52178.8,47094.07
2017-01-24,25.84,25.86,24.97,24.59,82019.24,-0.86,-3.33,25.604,25.698,25.554,40702.85,51664.53,46343.65
2017-01-23,25.8,26.0,25.83,25.72,26502.17,0.02,0.08,25.816,25.795,25.549,32633.37,47638.13,43885.38
2017-01-20,25.64,25.98,25.81,25.61,25591.63,0.1,0.39,25.794,25.78,25.503,56859.99,48221.44,44836.09
2017-01-19,25.71,25.79,25.71,25.5,28397.48,0.01,0.04,25.772,25.753,25.469,60578.58,50020.13,46294.91
2017-01-18,26.03,26.14,25.7,25.6,41003.75,-0.33,-1.27,25.738,25.753,25.435,62036.72,51435.44,47080.33
2017-01-17,25.61,26.05,26.03,25.44,41671.8,0.31,1.21,25.792,25.749,25.401,62626.2,51451.59,47960.82
2017-01-16,25.65,25.97,25.72,25.35,147635.3,0.02,0.08,25.774,25.688,25.364,62642.9,52174.41,47604.43
2017-01-13,25.5,25.97,25.7,25.28,44184.55,0.16,0.63,25.766,25.637,25.363,39582.88,40908.68,42004.21
2017-01-12,25.88,26.15,25.54,25.39,35688.21,-0.43,-1.66,25.734,25.561,25.366,39461.68,40377.7,41084.78
2017-01-11,25.9,26.28,25.97,25.71,43951.16,0.03,0.12,25.768,25.506,25.389,40834.15,42009.33,40756.8
2017-01-10,25.72,26.1,25.94,25.5,41755.27,0.26,1.01,25.706,25.409,25.398,40276.97,41022.78,41522.36
2017-01-09,25.54,25.73,25.68,25.27,32335.21,0.14,0.55,25.602,25.303,25.358,41705.92,40132.64,42160.26
2017-01-06,25.79,26.09,25.54,25.36,43578.54,-0.17,-0.66,25.508,25.226,25.378,42234.47,41450.74,43739.79
2017-01-05,25.57,25.76,25.71,25.49,42550.58,0.05,0.2,25.388,25.185,25.416,41293.71,42569.7,43715.39
2017-01-04,25.45,25.73,25.66,25.26,41165.24,0.24,0.94,25.244,25.116,25.454,43184.51,42725.23,43431.75
2017-01-03,25.1,25.52,25.42,25.1,48900.01,0.21,0.83,25.112,25.052,25.488,41768.59,44470.06,43912.22
2016-12-30,24.9,25.27,25.21,24.9,34978.0,0.27,1.08,25.004,25.04,25.52,38559.36,43034.46,43686.97
2016-12-29,24.85,25.13,24.94,24.85,38874.73,-0.05,-0.2,24.944,25.089,25.562,40667.01,43099.75,47110.99
2016-12-28,25.06,25.17,24.99,24.88,52004.55,-0.01,-0.04,24.982,25.171,25.657,43845.68,41791.87,48937.52
2016-12-27,24.8,25.08,25.0,24.77,34085.66,0.12,0.48,24.988,25.271,25.764,42265.95,39504.27,48327.78
2016-12-26,24.9,24.91,24.88,24.33,32853.85,-0.03,-0.12,24.992,25.386,25.88,47171.53,42021.94,49997.84
2016-12-23,25.29,25.37,24.91,24.76,45516.24,-0.22,-0.88,25.076,25.412,25.987,47509.56,44187.89,51737.53
2016-12-22,25.03,25.38,25.13,25.0,54768.09,0.11,0.44,25.234,25.529,26.094,45532.49,46028.84,53125.37
2016-12-21,25.03,25.27,25.02,24.98,44105.92,0.0,0.0,25.36,25.647,26.193,39738.06,44861.09,54563.21
2016-12-20,25.3,25.49,25.02,24.75,58613.53,-0.28,-1.11,25.554,25.791,26.323,36742.6,44138.28,60738.3
2016-12-19,25.55,25.89,25.3,25.27,34544.0,-0.4,-1.56,25.78,25.924,26.439,36872.36,43354.39,72391.85
2016-12-16,25.92,25.95,25.7,25.47,35630.89,-0.06,-0.23,25.748,26.0,26.614,40866.22,44339.49,73907.99
2016-12-15,25.8,26.28,25.76,25.63,25795.96,-0.23,-0.89,25.824,26.035,26.785,46525.2,51122.24,74936.44
2016-12-14,26.23,26.23,25.99,25.86,29128.6,-0.16,-0.61,25.934,26.142,26.948,49984.12,56083.17,76679.73
2016-12-13,25.4,26.26,26.15,25.0,59262.35,1.01,4.02,26.028,26.257,27.103,51533.96,57151.29,78459.5
2016-12-12,26.08,26.27,25.14,25.0,54513.29,-0.94,-3.6,26.068,26.374,27.237,49836.42,57973.75,77724.31
2016-12-09,26.25,26.55,26.08,26.06,63925.78,-0.23,-0.87,26.252,26.561,27.437,47812.75,59287.18,79030.72
2016-12-08,26.39,26.66,26.31,26.3,43090.6,-0.15,-0.57,26.246,26.658,27.554,55719.27,60221.91,78357.82
2016-12-07,26.35,26.5,26.46,26.14,36877.76,0.11,0.42,26.35,26.738,27.663,62182.22,64265.34,78280.39
2016-12-06,26.17,26.55,26.35,26.15,50774.65,0.28,1.07,26.486,26.854,27.75,62768.62,77338.32,78369.72
2016-12-05,25.83,26.18,26.06,25.69,44394.98,0.01,0.04,26.68,26.954,27.854,66111.08,101429.32,77593.35
2016-12-02,26.83,26.9,26.05,25.81,103458.38,-0.78,-2.91,26.87,27.228,27.968,70761.61,103476.49,77746.38
2016-12-01,27.23,27.44,26.83,26.8,75405.34,-0.3,-1.11,27.07,27.534,28.071,64724.54,98750.64,74497.5
2016-11-30,27.2,27.23,27.14,27.0,39809.75,-0.17,-0.62,27.126,27.754,28.148,66348.45,97276.28,72548.64
2016-11-29,26.93,27.44,27.32,26.91,67486.93,0.32,1.19,27.222,27.949,28.207,91908.02,99767.71,72520.2
2016-11-28,27.07,27.23,27.01,26.9,67647.63,-0.04,-0.15,27.228,28.099,28.274,136747.57,97474.87,72211.89
2016-11-25,26.9,27.38,27.05,26.82,73273.06,-0.07,-0.26,27.586,28.313,28.345,136191.36,98774.25,73141.77
2016-11-24,27.35,27.56,27.11,27.0,83524.87,-0.51,-1.85,27.998,28.449,28.387,132776.75,96493.72,72163.86
2016-11-23,27.35,27.68,27.62,26.89,167607.61,0.29,1.06,28.382,28.587,28.425,128204.11,92295.44,70517.85
2016-11-22,28.55,28.67,27.35,26.63,291684.66,-1.42,-4.94,28.676,28.645,28.445,107627.39,79401.12,67711.07
2016-11-21,29.26,29.48,28.8,28.51,64866.62,-0.31,-1.06,28.97,28.754,28.509,58202.17,53757.38,56444.19
2016-11-18,29.03,29.4,29.11,28.96,56199.97,0.08,0.28,29.04,28.708,28.516,61357.14,52016.28,58408.44
2016-11-17,28.95,29.33,29.03,28.86,60661.68,-0.06,-0.21,28.9,28.607,28.486,60210.7,50244.36,59045.01
2016-11-16,28.84,29.25,29.09,28.57,64724.02,0.32,1.11,28.792,28.542,28.49,56386.77,47821.01,59824.92
2016-11-15,29.13,29.16,28.82,28.73,44558.56,-0.33,-1.13,28.614,28.465,28.481,51174.85,45272.7,60968.17
2016-11-14,28.4,29.24,29.15,28.35,80641.48,0.74,2.6,28.538,28.448,28.5,49312.59,46948.9,63743.76
2016-11-11,28.38,28.63,28.41,28.27,50467.76,-0.08,-0.28,28.376,28.376,28.476,42675.42,47509.29,63369.48
2016-11-10,28.38,28.54,28.49,28.2,41542.01,0.29,1.03,28.314,28.325,28.52,40278.02,47834.0,67005.66
2016-11-09,28.43,28.58,28.2,27.8,38664.45,-0.25,-0.88,28.292,28.263,28.586,39255.25,48740.27,68596.8
2016-11-08,28.36,28.62,28.44,28.23,35247.26,0.12,0.42,28.316,28.244,28.667,39370.54,56021.02,72303.86
2016-11-07,27.95,28.65,28.34,27.92,47455.6,0.24,0.85,28.358,28.264,28.747,44585.22,59130.99,76606.26
2016-11-04,28.37,28.58,28.1,27.99,38480.8,-0.28,-0.99,28.376,28.324,28.824,52343.17,64800.6,83031.97
2016-11-03,28.23,28.58,28.38,28.18,36428.14,0.04,0.14,28.336,28.364,28.844,55389.97,67845.66,85752.38
2016-11-02,28.5,28.6,28.32,28.23,39240.92,-0.34,-1.19,28.234,28.438,28.825,58225.28,71828.84,86277.37
2016-11-01,28.45,28.78,28.65,28.21,61320.62,0.22,0.77,28.172,28.496,28.82,72671.49,76663.63,88185.43
2016-10-31,27.99,28.51,28.43,27.5,86245.37,0.55,1.97,28.17,28.551,28.812,73676.77,80538.63,90112.22
2016-10-28,27.76,28.14,27.9,27.68,53714.81,0.04,0.14,28.272,28.576,28.775,77258.04,79229.66,92048.59
2016-10-27,27.81,28.1,27.87,27.72,50604.69,-0.13,-0.46,28.392,28.714,28.82,80301.36,86177.33,93715.9
2016-10-26,28.67,28.76,28.01,27.71,111471.98,-0.63,-2.2,28.642,28.909,28.882,85432.4,88453.34,99256.75
2016-10-25,28.97,28.97,28.64,28.44,66346.98,-0.29,-1.0,28.82,29.089,28.886,80655.77,88586.69,99126.32
2016-10-24,28.73,29.25,28.94,28.27,104151.73,0.44,1.54,28.932,29.23,28.865,87400.48,94081.53,100329.0
2016-10-21,29.22,29.27,28.5,28.21,68931.4,-0.6,-2.06,28.88,29.324,28.844,81201.28,101263.33,103531.94
2016-10-20,28.91,29.22,29.12,28.5,76259.91,0.22,0.76,29.036,29.324,28.77,92053.3,103659.1,104647.51
2016-10-19,29.14,29.14,28.9,28.55,87588.85,-0.3,-1.03,29.176,29.212,28.683,91474.28,100725.91,109203.75
2016-10-18,28.76,29.32,29.2,28.15,100070.53,0.52,1.81,29.358,29.143,28.63,96517.61,99707.22,112504.8
2016-10-17,29.17,29.28,28.68,28.63,73155.73,-0.57,-1.95,29.528,29.073,28.583,100762.57,99685.82,114917.25
2016-10-14,29.8,30.17,29.28,28.92,123191.48,-0.52,-1.75,29.768,28.973,28.599,121325.37,104867.52,121002.93
2016-10-13,29.85,30.19,29.82,29.62,73364.81,0.02,0.07,29.612,28.926,28.551,115264.89,101254.47,126442.23
2016-10-12,29.8,30.8,29.81,29.71,112805.51,-0.24,-0.8,29.248,28.855,28.47,109977.54,110060.17,143242.34
2016-10-11,29.71,30.31,30.05,29.5,121295.31,0.17,0.57,28.928,28.683,28.28,102896.83,109665.94,143925.94
2016-10-10,28.9,30.33,29.88,28.65,175969.73,1.36,4.77,28.618,28.5,28.027,98609.07,106576.47,140809.85
2016-09-30,28.02,28.76,28.5,27.63,92889.11,0.48,1.71,28.178,28.364,27.786,88409.67,105800.55,134774.89
2016-09-29,28.3,28.38,28.0,27.9,46928.02,-0.19,-0.67,28.24,28.216,27.629,87244.04,105635.93,133341.08
2016-09-28,28.5,28.77,28.21,27.82,77401.98,-0.29,-1.02,28.462,28.154,27.514,110142.79,117681.6,132597.55
2016-09-27,27.68,28.8,28.5,27.43,99856.52,0.85,3.07,28.438,28.116,27.392,116435.04,125302.38,131097.72
2016-09-26,29.0,29.39,27.68,27.48,124972.73,-1.12,-3.89,28.382,28.093,27.252,114543.86,130148.68,128336.68
2016-09-23,29.09,29.28,28.81,28.64,87060.93,-0.31,-1.06,28.55,28.224,27.139,123191.43,137138.34,124338.89
2016-09-22,28.25,29.49,29.11,28.02,161421.81,1.01,3.59,28.192,28.175,26.984,124027.83,151629.99,122114.04
2016-09-21,28.29,28.9,28.09,27.7,108863.23,-0.14,-0.5,27.846,28.085,26.807,125220.4,176424.51,116344.07
2016-09-20,28.22,28.78,28.22,27.98,90400.62,-0.32,-1.12,27.794,27.876,26.695,134169.72,178185.94,112658.73
2016-09-19,27.06,28.58,28.52,27.06,168210.56,1.54,5.71,27.804,27.554,26.597,145753.49,175043.24,112069.36
2016-09-14,27.0,27.5,27.02,26.87,91242.92,-0.36,-1.31,27.898,27.208,26.475,151085.26,163749.22,107431.55
2016-09-13,28.18,28.58,27.38,27.08,167384.66,-0.47,-1.69,28.158,27.041,26.446,179232.16,161046.22,105563.81
2016-09-12,27.89,28.96,27.83,27.55,153609.84,-0.42,-1.49,28.324,26.873,26.403,227628.61,147513.5,100782.92
2016-09-09,28.7,28.93,28.27,28.21,148319.45,-0.72,-2.48,27.958,26.667,26.337,222202.17,136893.06,97904.5
2016-09-08,28.0,29.84,28.99,28.0,194869.42,0.72,2.55,27.304,26.411,26.224,204332.99,126524.68,93805.46
2016-09-07,27.8,29.08,28.32,27.8,231977.41,0.11,0.39,26.518,26.053,26.067,176413.18,111539.44,87684.6
2016-09-06,25.99,28.56,28.21,25.99,409366.94,2.22,8.54,25.924,25.792,25.949,142860.29,92598.1,81639.22
2016-09-05,25.2,26.07,26.0,25.05,126477.61,1.0,4.0,25.422,25.529,25.857,67398.38,56263.64,64524.53
2016-09-02,25.1,25.41,25.0,24.81,58973.58,-0.05,-0.2,25.376,25.513,25.877,51583.95,47131.51,62336.94
2016-09-01,25.48,25.51,25.06,25.02,55270.36,-0.27,-1.07,25.518,25.64,25.896,48716.37,49095.49,62244.09
2016-08-31,25.68,25.71,25.35,25.13,64212.94,-0.35,-1.36,25.588,25.742,25.911,46665.69,51113.87,61244.89
2016-08-30,25.86,26.05,25.7,25.56,32057.42,-0.08,-0.31,25.66,25.851,25.913,42335.9,50081.41,61557.53
2016-08-29,25.61,26.13,25.77,25.51,47405.43,0.06,0.23,25.636,25.933,25.878,45128.9,54052.34,63703.16
2016-08-26,25.32,25.93,25.71,25.32,44635.68,0.3,1.18,25.65,26.007,25.808,42679.08,58915.95,66999.85
2016-08-25,25.65,25.65,25.41,25.1,45016.99,-0.29,-1.13,25.762,26.036,25.788,49474.61,61086.23,69262.47
2016-08-24,25.6,25.76,25.71,25.3,42564.0,0.12,0.47,25.896,26.08,25.831,55562.05,63829.77,72736.66
2016-08-23,25.84,26.08,25.58,25.38,46022.38,-0.26,-1.01,26.042,26.106,25.831,57826.91,70680.34,77969.9
2016-08-22,26.31,26.42,25.84,25.81,35156.33,-0.45,-1.71,26.23,26.185,25.866,62975.77,72785.42,79316.8
2016-08-19,26.07,26.45,26.27,25.69,78613.37,0.2,0.77,26.364,26.24,25.861,75152.82,77542.37,82906.8
2016-08-18,26.45,26.46,26.08,25.81,75454.17,-0.38,-1.44,26.31,26.151,25.867,72697.85,75392.69,82616.37
2016-08-17,26.39,26.72,26.44,26.28,53888.28,-0.09,-0.34,26.264,26.079,25.905,72097.48,71375.91,88400.06
2016-08-16,26.52,26.97,26.52,26.4,71766.72,0.02,0.07,26.17,25.975,25.898,83533.78,73033.66,89353.3
2016-08-15,26.0,26.72,26.51,25.88,96041.57,0.51,1.96,26.14,25.823,25.93,82595.06,73353.98,91037.86
2016-08-12,25.81,26.03,26.0,25.38,66338.52,0.17,0.66,26.116,25.608,25.974,79931.91,75083.76,93833.35
2016-08-11,25.75,26.36,25.85,25.68,72452.32,-0.12,-0.46,25.992,25.54,26.003,78087.54,77438.71,94535.79
2016-08-10,26.17,27.14,25.97,25.8,111069.75,-0.4,-1.52,25.894,25.582,26.032,70654.33,81643.55,97657.72
2016-08-09,26.09,26.55,26.37,26.09,67073.12,-0.03,-0.11,25.78,25.556,26.025,62533.54,85259.46,95303.43
2016-08-08,25.5,26.49,26.39,25.35,82725.84,1.02,4.02,25.506,25.546,25.981,64112.9,85848.19,96002.08
2016-08-05,25.49,25.68,25.38,25.14,57116.65,0.02,0.08,25.1,25.481,25.925,70235.61,88271.24,99462.62
2016-08-04,25.55,25.55,25.36,25.0,35286.29,-0.04,-0.16,25.088,25.582,25.9,76789.88,89840.05,99370.5
2016-08-03,24.83,25.51,25.4,24.75,70465.79,0.41,1.64,25.27,25.731,25.875,92632.77,105424.21,101843.21
2016-08-02,24.5,25.03,25.0,24.5,74969.93,0.62,2.54,25.332,25.821,25.837,107985.39,105672.94,101546.39
2016-08-01,25.06,25.13,24.36,24.13,113339.37,-0.95,-3.75,25.586,26.036,25.816,107583.47,108721.74,102873.08
2016-07-29,26.31,26.31,25.32,25.2,89888.04,-0.97,-3.69,25.862,26.339,25.828,106306.88,112582.94,101305.39
2016-07-28,25.82,26.57,26.27,25.62,114500.73,0.56,2.18,26.076,26.466,25.769,102890.21,111632.87,98831.04
2016-07-27,26.45,27.0,25.71,25.0,147228.86,-0.55,-2.09,26.192,26.482,25.67,118215.64,113671.88,96416.99
2016-07-26,25.87,26.36,26.27,25.72,72960.35,0.55,2.14,26.31,26.493,25.611,103360.49,105347.39,91925.54
2016-07-25,26.38,26.45,25.74,25.6,106956.42,-0.62,-2.35,26.486,26.416,25.524,109860.01,106155.98,92093.78
2016-07-22,26.75,26.75,26.39,26.32,72804.71,-0.44,-1.64,26.816,26.368,25.451,118858.99,110654.01,90643.61
2016-07-21,26.33,27.55,26.85,26.3,191127.86,0.55,2.09,26.856,26.218,25.32,120375.52,108900.94,91982.78
2016-07-20,26.65,26.76,26.3,26.25,72953.12,-0.52,-1.94,26.772,26.018,25.203,109128.12,98262.21,89527.61
2016-07-19,27.25,27.4,27.15,26.72,105457.92,-0.24,-0.88,26.676,25.853,25.085,107334.29,97419.83,88125.83
2016-07-18,26.58,27.88,27.39,26.58,151951.34,0.79,2.97,26.346,25.596,24.916,102451.95,97024.43,86603.71
2016-07-15,26.55,27.02,26.59,26.16,80387.34,0.17,0.64,25.92,25.316,24.719,102449.02,90027.84,81066.75
2016-07-14,25.7,26.76,26.43,25.61,134890.88,0.62,2.4,25.58,25.072,24.569,97426.37,86029.22,79606.2
2016-07-13,25.8,25.96,25.82,25.45,63983.95,0.31,1.22,25.264,24.858,24.435,87396.31,79162.1,76407.6
2016-07-12,25.58,25.65,25.5,24.89,81046.24,0.22,0.87,25.03,24.728,24.334,87505.38,78503.7,76148.31
2016-07-11,25.61,26.22,25.26,25.2,151936.7,0.36,1.45,24.846,24.631,24.224,91596.9,78031.59,74044.59
2016-07-08,24.99,25.1,24.89,24.76,55274.06,0.04,0.16,24.712,24.533,24.11,77606.66,70633.21,69377.67
2016-07-07,24.64,25.12,24.85,24.61,84740.58,0.2,0.81,24.564,24.422,24.05,74632.07,75064.62,68532.29
2016-07-06,24.62,24.7,24.65,24.4,64529.31,0.06,0.24,24.452,24.387,24.002,70927.9,80793.0,67195.51
2016-07-05,24.63,25.0,24.58,24.41,101503.85,-0.01,-0.04,24.426,24.316,23.952,69502.02,78831.83,67954.73
2016-07-04,24.05,24.74,24.59,24.01,81985.52,0.43,1.78,24.416,24.235,23.916,64466.28,76182.99,66402.49
2016-07-01,24.15,24.45,24.15,24.09,40401.08,-0.13,-0.54,24.354,24.122,23.881,63659.75,72105.66,65226.38
2016-06-30,24.58,24.58,24.29,23.96,66219.73,-0.25,-1.02,24.28,24.066,23.871,75497.18,73183.19,68702.64
2016-06-29,24.5,24.98,24.52,24.33,57399.91,-0.01,-0.04,24.322,24.012,23.858,90658.1,73653.1,70004.99
2016-06-28,24.18,24.77,24.53,24.06,76325.15,0.25,1.03,24.206,23.94,23.795,88161.63,73792.92,69535.67
2016-06-27,23.53,24.38,24.28,23.53,77952.88,0.5,2.1,24.054,23.817,23.711,87899.71,70057.59,66728.73
2016-06-24,24.42,24.58,23.78,23.5,99588.22,-0.74,-3.02,23.89,23.687,23.649,80551.56,68122.14,64169.54
2016-06-23,24.1,24.95,24.5,24.05,142024.33,0.56,2.34,23.852,23.678,23.605,70869.19,61999.95,61832.81
2016-06-22,23.75,23.96,23.94,23.55,44917.59,0.19,0.8,23.702,23.617,23.531,56648.11,53598.03,56682.99
2016-06-21,23.62,23.85,23.77,23.53,75015.53,0.29,1.24,23.674,23.588,23.478,59424.21,57077.63,57277.1
2016-06-20,23.5,23.6,23.46,23.25,41212.13,-0.14,-0.59,23.58,23.596,23.415,52215.47,56621.99,55402.79
2016-06-17,23.75,24.07,23.59,23.33,51176.39,-0.14,-0.59,23.484,23.64,23.364,55692.72,58347.11,56090.84
2016-06-16,23.86,24.08,23.75,23.63,70918.9,-0.05,-0.21,23.504,23.675,23.317,53130.7,64222.09,55275.49
2016-06-15,23.2,23.88,23.8,23.0,58798.08,0.49,2.1,23.532,23.704,23.287,50547.94,66356.87,53164.82
2016-06-14,23.01,23.41,23.3,22.98,38971.87,0.3,1.3,23.502,23.65,23.253,54731.04,65278.41,51724.41
2016-06-13,23.4,23.99,22.98,22.98,58598.34,-0.7,-2.96,23.612,23.605,23.233,61028.5,63399.87,51054.16
2016-06-08,23.82,23.89,23.69,23.54,38366.31,-0.2,-0.84,23.796,23.611,23.239,61001.51,60216.95,49650.93
2016-06-07,23.75,23.95,23.89,23.4,58005.11,0.26,1.1,23.846,23.532,23.215,75313.49,61665.67,49972.43
2016-06-06,23.88,24.03,23.65,23.5,79713.59,-0.21,-0.88,23.876,23.445,23.188,82165.8,59767.95,48608.72
2016-06-03,23.88,24.01,23.85,23.79,70459.17,-0.05,-0.21,23.798,23.367,23.179,75825.78,57476.57,48006.33
2016-06-02,24.0,24.0,23.9,23.68,58463.36,-0.04,-0.17,23.598,23.233,23.191,65771.24,54183.6,49054.76
2016-06-01,24.2,24.5,23.94,23.9,109926.2,-0.09,-0.38,23.426,23.088,23.243,59432.38,53834.57,48214.64
2016-05-31,23.15,24.18,24.04,23.11,92266.66,0.77,3.31,23.218,22.959,23.283,48017.85,46328.89,45336.17
2016-05-30,22.92,23.52,23.26,22.61,48013.5,0.4,1.75,23.014,22.869,23.316,37370.1,39972.77,43996.84
2016-05-27,23.19,23.2,22.85,22.85,20186.48,-0.19,-0.82,22.936,22.855,23.348,39127.35,38170.41,44328.7
2016-05-26,22.89,23.07,23.04,22.51,26769.08,0.14,0.61,22.868,22.861,23.417,42595.96,38708.44,46336.36
2016-05-25,23.3,23.63,22.9,22.76,52853.52,-0.15,-0.65,22.75,22.866,23.496,48236.75,39084.91,48462.38
2016-05-24,22.73,23.23,23.02,22.61,39027.92,0.15,0.66,22.7,22.897,23.574,44639.92,38279.19,48084.69
2016-05-23,22.55,22.97,22.87,22.55,56799.77,0.35,1.55,22.724,22.93,23.629,42575.43,37449.48,49064.79
2016-05-20,22.4,22.53,22.51,22.03,37529.51,0.05,0.22,22.774,22.991,23.7,37213.47,38536.1,49379.23
2016-05-19,22.89,23.0,22.45,22.28,54973.03,-0.18,-0.8,22.854,23.149,23.779,34820.92,43925.93,52991.2
2016-05-18,22.86,23.12,22.65,22.4,34869.39,-0.48,-2.08,22.982,23.398,23.888,29933.07,42594.71,62335.46
2016-05-17,23.14,23.36,23.14,23.03,28705.45,0.03,0.13,23.094,23.607,23.991,31918.45,44343.45,65646.94
2016-05-16,22.7,23.25,23.12,22.69,29989.95,0.2,0.87,23.136,23.763,24.078,32323.54,48020.91,67528.71
2016-05-13,23.07,23.38,22.91,22.78,25566.77,-0.16,-0.69,23.208,23.841,24.199,39858.74,50486.99,70923.12
2016-05-12,23.01,23.18,23.09,22.02,30533.79,-0.12,-0.52,23.444,23.973,24.337,53030.94,53964.28,72398.89
2016-05-11,23.47,23.66,23.21,23.04,44796.27,-0.15,-0.64,23.814,24.126,24.463,55256.35,57839.85,76778.45
2016-05-10,23.3,23.63,23.35,23.25,30730.91,-0.13,-0.55,24.12,24.251,24.582,56768.44,57890.2,79943.04
2016-05-09,23.7,23.85,23.48,23.06,67665.95,-0.54,-2.25,24.39,24.327,24.711,63718.29,60680.09,87802.94
2016-05-06,25.1,25.4,24.09,23.99,91427.76,-0.83,-3.33,24.474,24.409,24.845,61115.25,60222.36,92502.69
2016-05-05,24.74,25.01,24.94,24.61,41660.86,0.2,0.81,24.502,24.409,24.923,54897.62,62056.48,92948.15
2016-05-04,24.6,25.05,24.74,24.6,52356.74,0.03,0.12,24.438,24.378,24.928,60423.36,82076.21,93581.12
2016-05-03,24.05,24.85,24.7,23.81,65480.12,0.76,3.17,24.382,24.374,24.949,59011.95,86950.44,95590.2
2016-04-29,24.12,24.2,23.9,23.81,54650.76,-0.33,-1.36,24.264,24.393,24.981,57641.89,87036.51,98552.54
2016-04-28,24.19,24.78,24.23,23.88,60339.6,-0.39,-1.58,24.344,24.556,24.992,59329.46,91359.25,99401.41
2016-04-27,24.54,25.11,24.62,24.47,69289.57,0.15,0.61,24.316,24.701,25.004,69215.34,90833.5,100875.25
2016-04-26,24.04,24.48,24.46,24.04,45299.69,0.36,1.49,24.318,24.8,25.003,103729.05,95717.05,100595.83
2016-04-25,24.1,24.3,24.11,23.51,58629.84,-0.2,-0.82,24.366,24.912,25.002,114888.93,101995.89,104549.49
2016-04-22,23.88,24.39,24.3,23.87,63088.61,0.21,0.87,24.522,25.095,25.053,116431.13,114925.79,106757.99
2016-04-21,24.17,24.71,24.09,23.6,109769.0,-0.55,-2.23,24.768,25.281,25.114,123389.03,124783.02,111354.49
2016-04-20,25.5,25.89,24.63,23.85,241858.12,-0.07,-0.28,25.086,25.436,25.179,112451.66,123839.82,115674.35
2016-04-19,24.94,25.13,24.7,24.62,101099.07,-0.2,-0.8,25.282,25.478,25.202,87705.06,105086.03,113074.68
2016-04-18,25.4,25.4,24.89,24.79,66340.84,-0.66,-2.58,25.458,25.523,25.221,89102.84,104229.95,116442.63
2016-04-15,25.8,25.84,25.53,25.12,97878.11,-0.14,-0.55,25.668,25.569,25.176,113420.46,110068.56,119435.79
2016-04-14,25.78,25.88,25.68,25.26,55082.14,0.09,0.35,25.794,25.427,25.094,126177.01,107443.58,122306.07
2016-04-13,25.63,26.19,25.61,25.5,118125.12,0.01,0.04,25.786,25.307,25.004,135227.99,110917.0,132043.06
2016-04-12,25.72,25.83,25.58,25.1,108088.0,-0.37,-1.43,25.674,25.206,24.82,122467.01,105474.61,128691.92
2016-04-11,25.11,26.57,25.94,25.1,187928.91,-0.24,-0.92,25.588,25.092,24.652,119357.07,107103.1,127205.65
2016-04-06,25.55,26.2,26.16,25.09,161660.86,0.53,2.07,25.47,25.01,24.489,106716.66,98590.19,120736.88
2016-04-05,25.05,25.79,25.64,24.92,100337.06,0.57,2.27,25.06,24.946,24.362,88710.16,97925.96,117724.02
2016-04-01,24.9,25.3,25.05,24.71,54320.23,-0.11,-0.44,24.828,24.922,24.231,86606.02,107508.89,116959.71
2016-03-31,25.35,25.75,25.15,25.1,92538.27,-0.21,-0.83,24.738,24.926,24.114,88482.2,121063.32,117812.03
2016-03-30,24.3,25.38,25.35,24.25,124726.9,1.25,5.19,24.596,24.918,23.994,94849.14,128655.3,118174.95
2016-03-29,24.56,24.6,24.11,23.69,71628.33,-0.37,-1.51,24.55,24.783,23.849,90463.72,128803.02,116016.8
2016-03-28,24.76,25.15,24.48,24.25,89816.36,-0.12,-0.49,24.832,24.761,23.713,107141.76,137168.55,115276.11
2016-03-25,24.37,24.83,24.6,24.06,63701.14,0.16,0.66,25.016,24.701,23.556,128411.75,153169.12,114660.32
2016-03-24,24.98,24.98,24.44,24.4,124372.97,-0.67,-2.67,25.114,24.434,23.437,153644.45,151909.24,115100.06
2016-03-23,25.27,25.48,25.12,24.71,102799.81,-0.4,-1.57,25.24,24.211,23.312,162461.46,147308.2,114017.48
2016-03-22,25.1,25.96,25.52,24.95,155018.5,0.12,0.47,25.016,23.967,23.252,167142.31,142883.56,113239.97
2016-03-21,25.1,25.44,25.4,24.81,196166.34,0.31,1.24,24.69,23.778,23.155,167195.35,137522.09,110317.61
2016-03-18,25.2,25.88,25.09,24.84,189864.61,0.02,0.08,24.386,23.539,23.097,177926.48,126410.53,107437.26
2016-03-17,24.19,25.68,25.07,23.73,168458.06,1.07,4.46,23.754,23.302,23.02,150174.03,114560.74,102093.87
2016-03-16,23.95,24.52,24.0,23.6,126204.05,0.11,0.46,23.182,23.07,22.924,132154.93,107694.6,99573.84
2016-03-15,24.0,24.33,23.89,23.69,155283.7,0.03,0.13,22.918,22.914,22.92,118624.81,103230.59,99933.28
2016-03-14,22.35,24.18,23.88,22.35,249821.97,1.9,8.64,22.866,22.665,22.888,107848.82,93383.66,97243.96
2016-03-11,22.0,22.43,21.93,21.83,51102.39,-0.3,-1.35,22.692,22.411,22.822,74894.57,76151.53,88365.11
2016-03-10,22.8,22.9,22.21,22.16,78362.56,-0.47,-2.07,22.85,22.439,22.808,78947.44,78290.89,90018.61
2016-03-09,23.16,23.26,22.68,22.47,58553.42,-0.95,-4.02,22.958,22.413,22.774,83234.27,80726.75,90566.48
2016-03-08,23.01,23.74,23.63,22.21,101403.78,0.63,2.74,22.91,22.536,22.683,87836.37,83596.38,90282.5
2016-03-07,23.2,23.45,23.01,22.71,85050.71,0.3,1.32,22.464,22.531,22.549,78918.49,83113.14,88940.15
2016-03-04,22.52,22.99,22.72,21.78,71366.71,0.03,0.13,22.13,22.655,22.406,77408.48,88464.0,87687.76
2016-03-03,22.45,23.37,22.75,22.45,99796.74,0.33,1.47,22.028,22.737,22.299,77634.34,89627.01,89852.11
2016-03-02,21.26,22.6,22.44,21.08,81563.92,1.01,4.71,21.868,22.777,22.147,78219.23,91453.08,88387.14
2016-03-01,21.49,21.69,21.4,20.41,56814.38,0.14,0.66,22.162,22.925,22.064,79356.38,96635.97,91074.2
2016-02-29,22.0,22.16,21.34,20.64,77500.67,-0.86,-3.87,22.598,23.11,22.081,87307.78,101104.26,93310.81
2016-02-26,22.3,22.48,22.21,21.0,72495.97,0.27,1.23,23.18,23.232,22.17,99519.51,100578.7,93799.82
2016-02-25,23.76,23.76,21.95,21.6,102721.23,-1.96,-8.2,23.446,23.177,22.185,101619.69,101746.33,95477.02
2016-02-24,23.6,24.4,23.91,23.51,87249.66,0.36,1.53,23.686,23.135,22.195,104686.93,100406.22,96205.19
2016-02-23,24.29,24.29,23.58,23.08,96571.39,-0.68,-2.8,23.688,22.83,22.18,113915.56,96968.62,98344.18
2016-02-22,23.98,24.94,24.25,23.98,138559.3,0.7,2.97,23.622,22.567,22.191,114900.74,94767.16,102199.48
2016-02-19,23.2,23.87,23.54,23.05,82996.86,0.4,1.73,23.284,22.157,22.093,101637.89,86911.51,104673.61
2016-02-18,24.0,24.0,23.15,23.09,118057.42,-0.71,-2.98,22.908,21.861,22.051,101872.97,90077.21,109439.84
2016-02-17,23.81,24.4,23.92,23.3,133392.81,0.67,2.88,22.584,21.516,22.122,96125.5,85321.21,113653.69
2016-02-16,22.91,23.42,23.25,22.8,101497.29,0.69,3.06,21.972,21.203,22.139,80021.68,85512.43,118137.96
2016-02-15,21.0,22.85,22.56,20.9,72245.07,0.88,4.06,21.512,21.051,22.231,74633.58,85517.36,127550.75
2016-02-05,21.7,21.81,21.66,21.31,84172.24,0.13,0.6,21.03,21.108,22.497,72185.14,87020.95,140049.0
2016-02-04,21.0,21.84,21.53,21.0,89320.11,0.66,3.16,20.814,21.192,22.964,78281.46,89207.72,158274.72
2016-02-03,20.61,21.0,20.86,20.2,52873.69,-0.08,-0.38,20.448,21.254,23.303,74516.91,92004.17,160342.26
2016-02-02,20.3,21.18,20.95,20.06,74556.78,0.79,3.92,20.434,21.53,23.835,91003.18,99719.75,187055.82
2016-02-01,20.5,20.55,20.15,19.8,60002.87,-0.43,-2.09,20.59,21.814,24.296,96401.13,109631.81,213281.46
2016-01-29,19.68,20.9,20.58,19.08,114653.84,0.86,4.36,21.186,22.029,24.688,101856.76,122435.7,223533.85
2016-01-28,20.5,20.94,19.7,19.5,70497.38,-1.07,-5.15,21.57,22.241,25.087,100133.98,128802.46,233994.63
2016-01-27,21.5,21.93,20.79,19.6,135305.03,-0.92,-4.24,22.06,22.727,25.579,109491.42,141986.17,254592.05
2016-01-26,22.7,22.76,21.73,21.0,101546.55,-1.39,-6.01,22.626,23.074,25.882,108436.32,150763.48,250371.78
2016-01-25,22.73,23.35,23.13,22.42,87280.99,0.62,2.75,23.038,23.41,26.123,122862.49,169584.14,249646.27
2016-01-22,22.58,22.7,22.5,21.68,106039.97,0.34,1.53,22.872,23.885,26.322,143014.63,193077.05,248729.62
2016-01-21,23.0,23.73,22.15,22.0,117284.57,-1.47,-6.22,22.912,24.735,26.553,157470.94,227341.71,246245.06
2016-01-20,23.5,24.43,23.62,23.25,130029.53,-0.18,-0.76,23.394,25.352,26.781,174480.92,228680.36,245036.24
2016-01-19,22.3,24.08,23.79,22.15,173677.38,1.41,6.3,23.522,26.139,26.978,193090.64,274391.88,244133.56
2016-01-18,21.6,23.19,22.3,21.3,188041.72,-0.37,-1.63,23.782,26.777,27.192,216305.78,316931.1,241174.41
2016-01-15,24.13,24.41,22.7,22.53,178321.52,-1.85,-7.54,24.898,27.347,27.455,243139.47,324632.0,237444.1
2016-01-14,22.9,24.88,24.56,22.05,202334.45,0.23,0.94,26.558,27.932,27.729,297212.48,339186.8,234735.99
2016-01-13,24.65,25.17,24.26,24.01,223078.14,-0.83,-3.31,27.31,28.43,27.889,282879.8,367197.93,231145.04
2016-01-12,26.88,27.38,25.09,25.09,289753.09,-2.79,-10.01,28.756,28.69,28.062,355693.12,349980.08,226789.74
2016-01-11,29.76,29.76,27.88,27.88,322210.16,-3.1,-10.01,29.772,28.836,28.162,417556.42,329708.39,217967.72
2016-01-08,29.5,31.15,31.0,26.1,448686.56,2.68,9.46,29.796,28.758,28.112,406124.52,304382.18,210807.95
2016-01-07,30.2,30.2,28.32,28.32,130671.06,-3.15,-10.01,29.306,28.37,27.852,381161.11,265148.42,191698.68
2016-01-06,30.0,32.1,31.49,29.4,587144.75,1.32,4.38,29.55,28.21,27.728,451516.05,261392.13,189391.4
2016-01-05,27.0,30.17,30.17,27.0,599069.56,2.74,9.99,28.624,27.817,27.468,344267.04,213875.24,163476.24
2016-01-04,28.41,29.75,28.0,26.61,265050.69,-0.51,-1.79,27.9,27.607,27.289,241860.37,165417.73,137109.73
2015-12-31,29.08,29.53,28.55,28.22,323869.5,-0.99,-3.35,27.72,27.562,27.229,202639.84,150256.21,127205.85
2015-12-30,27.41,29.54,29.54,27.41,482445.75,2.69,10.02,27.434,27.526,27.156,149135.72,130285.18,114694.84
2015-12-29,26.51,26.97,26.86,26.41,50899.69,0.32,1.21,26.87,27.347,26.995,71268.21,95092.15,93280.34
2015-12-28,27.19,27.52,26.55,26.5,87036.22,-0.53,-1.96,27.01,27.433,26.974,83483.44,103599.39,94460.44
2015-12-25,27.19,27.43,27.1,26.9,68948.06,-0.01,-0.04,27.314,27.487,26.983,88975.08,106227.05,97221.34
2015-12-24,26.68,27.19,27.12,26.48,56348.88,0.4,1.5,27.404,27.466,26.938,97872.57,117233.72,99798.27
2015-12-23,27.6,27.7,26.72,26.7,93108.18,-0.85,-3.08,27.618,27.334,26.982,111434.65,118248.94,103904.91
2015-12-22,28.19,28.2,27.56,27.28,111975.85,-0.47,-1.68,27.824,27.246,27.085,118916.09,117390.67,106585.81
2015-12-21,27.34,28.32,28.07,27.21,114494.45,0.52,1.89,27.856,27.118,27.114,123715.35,113077.25,106512.02
2015-12-18,28.16,28.56,27.55,27.5,113435.5,-0.63,-2.24,27.66,26.971,27.119,123479.02,108801.74,107681.46
2015-12-17,27.85,28.67,28.19,27.84,124159.26,0.46,1.66,27.528,26.896,27.202,136594.87,104155.5,112185.64
2015-12-16,28.19,28.33,27.75,27.5,130515.41,0.04,0.14,27.05,26.785,27.271,125063.23,99104.5,118829.45
2015-12-15,26.98,28.44,27.72,26.86,135972.11,0.65,2.4,26.668,26.642,27.275,115865.24,91468.52,121970.23
2015-12-14,26.97,27.17,27.09,26.33,113312.8,0.21,0.78,26.38,26.514,27.285,102439.15,85321.49,130985.42
2015-12-11,25.79,27.47,26.89,25.6,179014.75,1.09,4.22,26.282,26.479,27.35,94124.46,88215.62,150402.21
2015-12-10,25.8,26.06,25.8,25.56,66501.1,-0.01,-0.04,26.264,26.41,27.298,71716.14,82362.82,146354.86
2015-12-09,26.35,26.66,25.84,25.68,84525.43,-0.46,-1.75,26.52,26.629,27.317,73145.76,89560.88,150251.68
2015-12-08,26.46,26.46,26.28,25.51,68841.65,-0.34,-1.28,26.616,26.923,27.357,67071.81,95780.96,152517.99
2015-12-07,26.87,27.2,26.6,26.22,71739.38,-0.24,-0.89,26.648,27.11,27.349,68203.83,99946.8,155536.18
2015-12-04,26.98,27.44,26.8,26.33,66973.12,-0.27,-1.0,26.676,27.267,27.347,82306.78,106561.18,161110.11
2015-12-03,26.58,27.17,27.08,26.27,73649.2,0.75,2.85,26.556,27.508,27.322,93009.51,120215.78,164607.71
2015-12-02,26.68,26.7,26.32,25.2,54155.68,-0.15,-0.57,26.738,27.756,27.248,105975.99,138554.41,171858.35
2015-12-01,26.6,27.05,26.44,26.17,74501.76,-0.31,-1.16,27.23,27.907,27.2,124490.12,152471.94,174853.62
2015-11-30,26.07,27.07,26.74,24.98,142254.16,0.56,2.14,27.572,28.055,27.081,131689.78,176649.35,176554.18
2015-11-27,27.51,28.5,26.2,25.2,120486.76,-1.79,-6.39,27.858,28.22,26.973,130815.58,212588.8,174649.33
2015-11-26,28.52,28.94,27.99,27.88,138481.61,-0.77,-2.68,28.46,28.185,26.913,147422.06,210346.9,173900.57
2015-11-25,28.13,29.38,28.78,28.13,146726.31,0.77,2.75,28.774,28.005,26.749,171132.82,210942.48,171312.55
2015-11-24,28.2,28.28,28.15,27.35,110500.04,-0.01,-0.04,28.584,27.79,26.53,180453.77,209255.02,170873.2
2015-11-23,29.2,30.17,28.17,28.0,137883.2,-1.02,-3.49,28.538,27.587,26.382,221608.91,211125.56,171355.86
2015-11-20,29.49,29.93,29.21,28.46,203519.12,-0.35,-1.18,28.582,27.426,26.249,294362.02,215659.03,172074.7
2015-11-19,27.88,29.7,29.56,27.72,257035.41,1.75,6.29,27.91,27.136,26.034,273271.74,208999.63,168421.95
2015-11-18,27.88,28.37,27.83,27.54,193331.06,-0.08,-0.29,27.236,26.74,25.781,250752.14,205162.3,163716.67
2015-11-17,28.95,29.24,27.92,27.73,316275.78,-0.47,-1.66,26.996,26.492,25.585,238056.28,197235.29,164385.1
2015-11-16,25.8,28.39,28.39,25.8,501648.75,2.58,10.0,26.636,26.107,25.494,200642.21,176459.01,155203.06
2015-11-13,25.87,26.07,25.85,25.47,98067.7,-0.28,-1.07,26.27,25.725,25.364,136956.03,136709.86,139732.87
2015-11-12,26.6,26.72,26.19,25.85,144437.42,-0.45,-1.69,26.362,25.641,25.338,144727.51,137454.25,142199.38
2015-11-11,25.98,26.68,26.63,25.92,129851.74,0.51,1.95,26.244,25.492,25.306,159572.45,131682.63,146916.35
2015-11-10,26.32,26.49,26.12,25.87,129205.44,-0.45,-1.69,25.988,25.269,25.176,156414.3,132491.37,149128.79
2015-11-09,26.08,27.01,26.56,25.52,183217.86,0.25,0.95,25.578,25.177,25.057,152275.82,131586.16,150680.12
2015-11-06,25.47,26.47,26.31,25.47,136925.11,0.72,2.81,25.18,25.071,24.902,136463.69,128490.38,161483.05
2015-11-05,25.38,26.64,25.6,25.0,218662.12,0.23,0.91,24.92,24.932,24.739,130180.99,127844.28,159522.43
2015-11-04,24.26,25.4,25.35,24.2,114060.99,1.35,5.62,24.74,24.822,24.592,103792.8,122271.04,153970.73
2015-11-03,24.7,24.9,24.07,23.67,108513.0,-0.54,-2.19,24.55,24.677,24.387,108568.43,131534.91,151598.28
2015-11-02,24.7,25.33,24.57,24.3,104157.25,-0.47,-1.88,24.776,24.88,24.231,110896.51,133947.1,150357.55
2015-10-30,24.55,25.52,25.01,24.03,105511.57,0.36,1.46,24.962,25.003,24.077,120517.07,142755.87,149128.61
2015-10-29,24.75,24.89,24.7,24.31,86721.21,0.24,0.98,24.944,25.035,23.893,125507.57,146944.51,148982.02
2015-10-28,24.95,25.86,24.4,24.34,137939.14,-0.77,-3.06,24.904,25.119,23.794,140749.28,162150.08,148571.97
2015-10-27,25.09,25.2,25.2,23.69,120153.39,-0.29,-1.14,24.804,25.082,23.706,154501.38,165766.2,147470.22
2015-10-26,25.25,25.97,25.5,24.93,152260.02,0.58,2.33,24.984,24.936,23.577,156997.7,169774.07,146802.74
2015-10-23,24.55,25.14,24.92,24.0,130464.11,0.42,1.71,25.044,24.732,23.441,164994.67,194475.71,145047.34
2015-10-22,23.9,24.58,24.5,23.11,162929.72,0.57,2.38,25.126,24.545,23.29,168381.45,191200.58,143833.33
2015-10-21,26.15,26.3,23.9,23.5,206699.66,-2.21,-8.46,25.334,24.362,23.133,183550.87,185670.41,144548.92
2015-10-20,25.65,26.5,26.1,25.3,132634.97,0.25,0.97,25.36,24.097,22.998,177031.03,171661.65,140716.76
2015-10-19,25.34,26.29,25.8,25.01,192244.91,0.47,1.86,24.888,23.581,22.658,182550.44,166768.0,140545.52
2015-10-16,25.77,25.77,25.33,24.71,147398.0,-0.21,-0.82,24.42,23.151,22.402,223956.75,155501.34,138565.61
2015-10-15,24.05,25.83,25.54,24.05,238776.83,1.52,6.33,23.964,22.751,22.284,214019.71,151019.52,135724.64
2015-10-14,23.57,24.3,24.03,23.31,174100.42,0.28,1.18,23.39,22.468,22.127,187789.95,134993.86,127672.67
2015-10-13,23.18,23.88,23.74,23.1,160232.05,0.26,1.11,22.834,22.329,22.073,166292.27,129174.25,127070.63
2015-10-12,23.12,24.56,23.46,23.04,399276.44,0.41,1.78,22.274,22.217,21.995,150985.56,123831.42,124765.33
2015-10-09,22.55,23.13,23.05,22.55,97712.81,0.34,1.5,21.882,22.149,21.868,87045.94,95618.96,113058.18
2015-10-08,22.99,23.0,22.67,22.12,107628.01,1.4,6.58,21.538,22.034,21.731,88019.33,96466.07,119611.33
2015-09-30,21.04,21.55,21.25,21.04,66612.02,0.32,1.53,21.546,21.904,21.608,82197.77,103427.43,122958.33
2015-09-29,21.08,21.08,20.94,20.48,83698.54,-0.6,-2.79,21.824,21.899,21.666,92056.23,109771.87,127895.47
2015-09-28,21.24,21.8,21.5,20.58,79578.31,0.18,0.84,22.16,21.735,21.81,96677.27,114323.04,137480.1
2015-09-25,22.69,22.75,21.33,21.02,102579.77,-1.37,-6.04,22.416,21.652,21.865,104191.98,121629.88,144146.57
2015-09-24,22.7,23.17,22.71,22.49,78520.19,0.08,0.35,22.53,21.816,21.841,104912.81,120429.76,154902.46
2015-09-23,22.28,23.04,22.64,22.1,115904.32,0.01,0.04,22.262,21.785,21.725,124657.1,120351.48,167737.7
2015-09-22,22.8,23.23,22.62,22.35,106803.76,-0.16,-0.7,21.974,21.817,21.707,127487.52,124967.01,178378.39
2015-09-21,21.5,23.0,22.78,21.48,117151.86,0.87,3.97,21.31,21.772,21.818,131968.8,125699.25,183657.11
2015-09-18,21.85,22.16,21.9,21.3,106183.94,0.51,2.38,20.888,21.587,21.973,139067.78,130497.41,192745.4
2015-09-17,21.19,23.01,21.37,20.86,177241.61,0.19,0.9,21.102,21.428,22.143,135946.7,142756.6,199260.2
2015-09-16,19.51,21.23,21.2,19.37,130056.41,1.9,9.85,21.308,21.312,22.301,116045.85,142489.23,205143.16
2015-09-15,20.11,21.0,19.3,18.78,129210.18,-1.37,-6.63,21.66,21.432,22.601,122446.51,146019.07,209241.02
2015-09-14,23.12,23.3,20.67,20.67,152646.77,-2.3,-10.01,22.234,21.885,23.007,119429.69,160637.17,212901.59
2015-09-11,22.4,23.35,22.97,22.4,90578.54,0.58,2.59,22.286,22.077,23.368,121927.03,166663.27,215380.5
2015-09-10,22.4,23.03,22.4,22.22,77737.36,-0.55,-2.4,21.754,21.865,23.563,149566.49,189375.16,218852.54
2015-09-09,22.2,23.5,22.96,22.02,162059.69,0.86,3.89,21.316,21.665,23.819,168932.6,215123.92,226943.22
2015-09-08,20.68,22.17,22.17,20.38,114126.1,1.23,5.87,21.204,21.597,24.083,169591.63,231789.77,232851.22
2015-09-07,21.31,22.0,20.93,20.8,165133.45,0.62,3.05,21.536,21.863,24.29,201844.64,241614.97,242679.58
2015-09-02,19.0,20.68,20.31,18.55,228775.84,0.13,0.64,21.868,22.358,24.457,211399.51,254993.4,240581.08
2015-09-01,22.32,22.39,20.21,20.15,174567.91,-2.18,-9.74,21.976,22.858,24.664,229183.83,255763.8,242293.89
2015-08-31,23.2,23.42,22.4,22.3,165354.83,-1.43,-6.0,22.014,23.29,24.868,261315.23,267797.09,244333.56
2015-08-28,23.2,24.1,23.83,22.56,275391.19,1.15,5.07,21.99,23.769,24.851,293987.91,272462.97,245621.45
2015-08-27,21.3,22.9,22.59,20.2,212907.77,1.72,8.24,22.19,24.128,24.846,281385.29,265166.02,242657.82
2015-08-26,21.3,22.06,20.85,19.9,317697.47,0.47,2.31,22.848,24.659,24.939,298587.29,264097.73,244681.13
2015-08-25,20.5,23.03,20.4,20.1,335224.91,-1.92,-8.6,23.74,25.26,25.166,282343.76,248329.91,244915.69
2015-08-24,23.5,24.12,22.28,22.28,328718.22,-2.48,-10.02,24.566,25.973,25.323,274278.95,238762.53,245714.34
2015-08-21,24.88,25.98,24.83,24.2,212378.08,-1.06,-4.09,25.548,26.568,25.472,250938.03,233912.68,243505.23
2015-08-20,25.47,27.18,25.88,25.32,298917.78,0.58,2.29,26.066,26.717,25.634,248946.75,243744.19,248515.94
2015-08-19,23.6,25.59,25.31,22.53,236479.83,0.78,3.18,26.47,26.555,25.809,229608.17,226168.76,249980.94
2015-08-18,27.16,28.0,24.53,24.53,294900.84,-2.72,-9.98,26.78,26.47,25.958,214316.06,228823.97,253414.96
2015-08-17,27.0,27.38,27.19,26.45,212013.64,-0.21,-0.77,27.38,26.445,26.102,203246.11,220870.02,253728.53
2015-08-14,28.3,28.38,27.42,27.2,202421.66,-0.48,-1.72,27.588,25.933,26.134,216887.32,218779.92,270091.98
2015-08-13,26.2,28.2,27.9,26.2,202224.88,1.06,3.95,27.368,25.563,26.111,238541.64,220149.62,284833.69
2015-08-12,27.0,27.96,26.86,26.73,160019.27,-0.68,-2.47,26.64,25.218,25.954,222729.34,225264.53,298693.63
2015-08-11,28.0,28.4,27.53,27.19,239551.09,-0.7,-2.48,26.16,25.071,25.781,243331.89,241501.46,341732.95
2015-08-10,27.0,28.62,28.23,26.65,280219.72,1.94,7.38,25.51,24.673,25.57,238493.93,252666.14,330387.17
2015-08-07,24.58,26.5,26.32,24.58,310693.22,2.06,8.49,24.278,24.376,25.218,220672.52,253097.78,317071.13
2015-08-06,23.6,24.68,24.26,23.2,123163.42,-0.2,-0.82,23.758,24.551,25.159,201757.61,253287.68,317406.8
2015-08-05,24.38,25.45,24.46,24.05,263032.0,0.18,0.74,23.796,25.062,25.209,227799.72,273793.11,328198.1
2015-08-04,22.4,24.28,24.28,22.25,215361.31,2.21,10.01,23.982,25.445,25.254,239671.03,278005.95,332031.4
2015-08-03,23.35,23.67,22.07,21.46,191112.64,-1.63,-6.88,23.836,25.758,25.314,266838.35,286587.04,339323.28
2015-07-31,23.92,24.88,23.72,23.33,216118.69,-0.69,-2.83,24.474,26.334,25.531,285523.03,321404.04,349203.99
2015-07-30,25.28,26.13,24.45,24.01,253373.94,-0.9,-3.55,25.344,26.659,25.66,304817.75,349517.76,358710.09
2015-07-29,23.87,25.49,25.39,23.27,322388.56,1.87,7.95,26.328,26.689,25.753,319786.51,372122.73,366812.87
2015-07-28,24.7,25.5,23.55,22.73,351197.94,-1.71,-6.77,26.908,26.49,25.783,316340.87,441964.44,370514.89
2015-07-27,27.0,28.07,25.26,25.26,284536.03,-2.81,-10.01,27.68,26.466,25.986,306335.73,408108.2,372270.98
2015-07-24,29.38,29.55,28.07,27.68,312592.28,-1.31,-4.46,28.194,26.059,26.059,357285.05,381044.48,381044.48
2015-07-23,28.48,29.65,29.37,28.05,328217.75,1.07,3.78,27.974,25.836,25.836,394217.77,388650.27,388650.27
2015-07-22,27.56,28.88,28.29,27.3,305160.34,0.87,3.17,27.05,25.394,25.394,424458.95,396204.34,396204.34
2015-07-21,27.24,28.3,27.41,26.96,301172.25,-0.4,-1.44,26.072,24.98,24.98,567588.01,409210.63,409210.63
2015-07-20,26.98,28.78,27.83,26.52,539282.62,0.87,3.23,25.252,24.575,24.575,509880.66,427217.02,427217.02
2015-07-17,24.99,27.24,26.97,24.77,497255.88,2.21,8.93,23.924,23.924,23.924,404803.9,404803.9,404803.9
2015-07-16,23.39,25.35,24.75,21.39,479423.66,1.36,5.81,23.163,23.163,23.163,381690.91,381690.91,381690.91
2015-07-15,25.64,25.64,23.4,23.0,1020805.62,0.09,0.39,22.633,22.633,22.633,349113.32,349113.32,349113.32
2015-07-14,23.31,23.31,23.31,23.31,12635.52,2.12,10.01,22.25,22.25,22.25,13267.18,13267.18,13267.18
2015-07-13,21.19,21.19,21.19,21.19,13898.83,1.93,10.02,21.19,21.19,21.19,13898.83,13898.83,13898.83
