date,open,high,close,low,volume,price_change,p_change,ma5,ma10,ma20,v_ma5,v_ma10,v_ma20
2018-07-06,5.82,5.88,5.85,5.76,5351.79,0.04,0.69,5.948,6.033,6.234,7028.02,10832.52,15526.0
2018-07-05,5.92,5.92,5.81,5.8,7824.0,-0.08,-1.36,5.992,6.074,6.27,9101.46,11314.54,16409.41
2018-07-04,6.03,6.07,6.03,6.0,4348.77,-0.01,-0.17,6.026,6.119,6.305,9861.46,11636.64,17172.54
2018-07-03,6.05,6.06,6.03,5.95,7188.05,0.02,0.33,6.042,6.143,6.325,10205.71,13173.25,17357.16
2018-07-02,6.06,6.07,6.02,5.97,10427.48,-0.04,-0.66,6.068,6.147,6.345,11242.1,14313.28,17531.17
2018-06-29,6.01,6.08,6.07,5.97,15719.0,0.06,1.0,6.118,6.192,6.362,14637.02,14908.83,17430.17
2018-06-28,6.1,6.14,5.98,5.98,11624.0,-0.14,-2.29,6.156,6.237,6.377,13527.62,15335.91,17319.82
2018-06-27,6.2,6.2,6.11,6.1,6070.0,-0.06,-0.97,6.212,6.296,6.395,13411.82,16165.71,17606.22
2018-06-26,6.2,6.21,6.16,6.12,12370.0,-0.11,-1.75,6.244,6.354,6.41,16140.78,18963.88,18317.64
2018-06-25,6.33,6.35,6.27,6.15,27402.09,0.01,0.16,6.226,6.406,6.419,17384.46,20757.7,18449.17
2018-06-22,6.24,6.28,6.26,6.16,10172.0,0.01,0.16,6.266,6.434,6.423,15180.64,20219.49,17616.91
2018-06-21,6.21,6.29,6.26,6.15,11045.0,-0.02,-0.32,6.318,6.466,6.428,17144.2,21504.29,17647.76
2018-06-20,5.98,6.3,6.27,5.98,19714.83,0.2,3.29,6.38,6.491,6.433,18919.6,22708.45,17816.26
2018-06-19,6.36,6.39,6.07,5.98,18588.38,-0.4,-6.18,6.464,6.507,6.443,21786.97,21541.07,17975.44
2018-06-15,6.49,6.53,6.47,6.39,16383.0,-0.06,-0.92,6.586,6.542,6.459,24130.93,20749.07,17702.17
2018-06-14,6.51,6.58,6.52,6.47,19989.78,-0.05,-0.76,6.602,6.531,6.454,25258.33,19951.51,17305.12
2018-06-13,6.71,6.72,6.57,6.56,19922.0,-0.14,-2.09,6.614,6.516,6.445,25864.38,19303.73,16868.47
2018-06-12,6.63,6.75,6.69,6.63,34051.68,0.01,0.15,6.602,6.493,6.434,26497.3,19046.73,16633.35
2018-06-11,6.53,6.69,6.68,6.43,30308.2,0.13,1.99,6.55,6.465,6.418,21295.16,17671.41,15693.38
2018-06-08,6.56,6.63,6.55,6.5,22020.0,-0.03,-0.46,6.498,6.431,6.402,17367.2,16140.64,14715.47
2018-06-07,6.5,6.62,6.58,6.45,23020.01,0.07,1.07,6.46,6.411,6.394,14644.69,15014.34,14045.88
2018-06-06,6.42,6.52,6.51,6.38,23086.6,0.08,1.24,6.418,6.39,6.385,12743.09,13791.24,13367.08
2018-06-05,6.42,6.43,6.43,6.37,8041.0,0.01,0.16,6.384,6.375,6.381,11596.17,12924.08,12675.16
2018-06-04,6.37,6.43,6.42,6.31,10668.38,0.07,1.1,6.38,6.378,6.382,14047.66,14409.81,12816.06
2018-06-01,6.38,6.38,6.36,6.31,8407.46,-0.02,-0.31,6.364,6.376,6.385,14914.08,14655.28,12954.73
2018-05-31,6.32,6.38,6.37,6.28,13512.0,0.03,0.47,6.362,6.377,6.388,15383.98,14658.73,13025.36
2018-05-30,6.35,6.36,6.34,6.23,17352.0,-0.06,-0.94,6.362,6.374,6.388,14839.38,14433.21,12727.8
2018-05-29,6.3,6.42,6.41,6.29,20298.46,0.07,1.1,6.366,6.374,6.388,14251.98,14219.96,12183.55
2018-05-28,6.35,6.35,6.34,6.27,15000.46,-0.01,-0.16,6.376,6.371,6.385,14771.97,13715.35,11462.1
2018-05-25,6.37,6.37,6.35,6.28,10757.0,-0.02,-0.31,6.388,6.372,6.386,14396.47,13290.31,11150.88
2018-05-24,6.35,6.38,6.37,6.32,10789.0,0.0,0.0,6.392,6.376,6.387,13933.47,13077.43,11011.88
2018-05-23,6.43,6.45,6.36,6.35,14415.0,-0.09,-1.4,6.386,6.38,6.387,14027.04,12942.93,11110.89
2018-05-22,6.41,6.54,6.46,6.41,22898.37,0.06,0.94,6.382,6.386,6.386,14187.94,12426.24,11165.0
2018-05-21,6.36,6.43,6.4,6.36,13123.0,0.04,0.63,6.366,6.386,6.38,12658.74,11222.3,11000.18
2018-05-18,6.33,6.37,6.37,6.31,8442.0,0.03,0.47,6.356,6.393,6.375,12184.14,11254.19,10998.68
2018-05-17,6.31,6.36,6.34,6.29,11256.83,0.0,0.0,6.36,6.398,6.375,12221.39,11392.0,11242.78
2018-05-16,6.36,6.36,6.34,6.27,15219.5,-0.03,-0.47,6.374,6.401,6.375,11858.82,11022.39,11451.38
2018-05-15,6.34,6.38,6.38,6.29,15252.35,0.02,0.31,6.39,6.402,6.377,10664.54,10147.14,11952.39
2018-05-14,6.38,6.39,6.35,6.33,10750.0,-0.04,-0.63,6.406,6.398,6.381,9785.87,9208.85,11711.22
2018-05-11,6.43,6.43,6.39,6.38,8628.25,-0.02,-0.31,6.43,6.399,6.386,10324.24,9011.45,11892.19
2018-05-10,6.44,6.45,6.41,6.39,9444.0,-0.01,-0.16,6.436,6.397,6.388,10562.61,8946.32,12088.82
2018-05-09,6.47,6.47,6.42,6.4,9248.1,-0.02,-0.31,6.428,6.393,6.388,10185.96,9278.84,12349.05
2018-05-08,6.46,6.48,6.46,6.41,10859.0,0.0,0.0,6.414,6.385,6.384,9629.74,9903.76,12449.23
2018-05-07,6.38,6.47,6.47,6.38,13441.83,0.06,0.94,6.39,6.373,6.377,8631.82,10778.06,12860.03
2018-05-04,6.38,6.42,6.42,6.35,9820.11,0.04,0.63,6.368,6.357,6.372,7698.66,10743.17,13023.63
2018-05-03,6.33,6.41,6.37,6.3,7560.74,0.03,0.47,6.358,6.351,6.371,7330.04,11093.56,13151.56
2018-05-02,6.37,6.37,6.35,6.31,6467.0,0.01,0.16,6.358,6.349,6.373,8371.73,11880.37,13484.17
2018-04-27,6.36,6.36,6.34,6.27,5869.44,-0.02,-0.31,6.356,6.352,6.375,10177.78,13757.64,14092.31
2018-04-26,6.39,6.43,6.36,6.32,8776.0,0.0,0.0,6.356,6.363,6.376,12924.29,14213.6,14798.83
2018-04-25,6.38,6.4,6.37,6.36,7977.0,-0.01,-0.16,6.346,6.372,6.376,13787.69,14772.92,15641.26
2018-04-24,6.3,6.43,6.37,6.28,12769.22,0.03,0.47,6.344,6.378,6.373,14857.09,15231.32,16890.94
2018-04-23,6.23,6.36,6.34,6.21,15497.22,0.0,0.0,6.34,6.382,6.369,15389.01,15419.25,18365.53
2018-04-20,6.32,6.36,6.34,6.2,19602.0,0.02,0.32,6.348,6.382,6.392,17337.51,14994.7,18648.17
2018-04-19,6.35,6.37,6.31,6.31,13093.0,-0.05,-0.79,6.37,6.381,6.413,15502.91,14942.0,19168.73
2018-04-18,6.38,6.39,6.36,6.27,13324.0,0.01,0.16,6.398,6.386,6.44,15758.16,15304.08,20875.13
2018-04-17,6.42,6.42,6.35,6.3,15428.85,-0.02,-0.31,6.412,6.39,6.456,15605.56,15209.55,20684.72
2018-04-16,6.45,6.49,6.38,6.23,25239.68,-0.07,-1.08,6.424,6.397,6.473,15449.49,15087.97,20601.82
2018-04-13,6.42,6.49,6.45,6.42,10429.03,0.01,0.15,6.416,6.397,6.488,12651.89,14426.98,20066.89
2018-04-12,6.38,6.47,6.45,6.38,14369.24,0.03,0.47,6.392,6.388,6.501,14381.08,15384.06,20207.74
2018-04-11,6.39,6.43,6.43,6.36,12561.0,0.02,0.31,6.374,6.38,6.517,14849.99,16509.6,20230.73
2018-04-10,6.33,6.44,6.41,6.28,14648.51,0.07,1.1,6.368,6.367,6.538,14813.55,18550.57,20922.84
2018-04-09,6.29,6.35,6.34,6.26,11251.66,0.0,0.0,6.37,6.356,6.555,14726.45,21311.8,20931.32
2018-04-04,6.34,6.36,6.33,6.27,19075.01,-0.02,-0.32,6.378,6.401,6.576,16202.07,22301.65,20934.93
2018-04-03,6.34,6.38,6.36,6.23,16713.79,-0.03,-0.47,6.384,6.445,6.596,16387.03,23395.46,20860.61
2018-04-02,6.41,6.44,6.4,6.38,12378.77,-0.01,-0.16,6.386,6.493,6.619,18169.21,26446.17,21445.52
2018-03-30,6.41,6.46,6.42,6.37,14213.0,0.03,0.47,6.366,6.521,6.637,22287.58,26159.88,22939.27
2018-03-29,6.34,6.43,6.38,6.3,18629.79,0.02,0.31,6.342,6.549,6.663,27897.16,26115.68,26155.85
2018-03-28,6.32,6.38,6.36,6.26,19999.79,-0.02,-0.31,6.424,6.578,6.676,28401.22,25706.81,26589.14
2018-03-27,6.33,6.41,6.37,6.31,25624.71,0.06,0.95,6.506,6.613,6.684,30403.88,25031.43,26533.57
2018-03-26,6.23,6.36,6.3,5.86,32970.62,0.0,0.0,6.6,6.653,6.691,34723.13,23951.87,25924.85
2018-03-23,6.6,6.68,6.3,6.21,42260.9,-0.49,-7.22,6.676,6.708,6.701,30032.17,23295.12,25032.4
2018-03-22,6.75,6.84,6.79,6.72,21150.1,0.02,0.29,6.756,6.754,6.708,24334.19,20550.83,23462.27
2018-03-21,6.84,6.86,6.77,6.76,30013.09,-0.08,-1.17,6.732,6.75,6.69,23012.39,19568.22,22786.97
2018-03-20,6.7,6.89,6.84,6.7,47220.96,0.15,2.24,6.72,6.746,6.671,19658.97,18325.76,21678.33
2018-03-19,6.66,6.73,6.68,6.66,9515.82,-0.02,-0.3,6.706,6.745,6.647,13180.6,16444.87,20014.64
2018-03-16,6.67,6.73,6.7,6.64,13771.0,0.03,0.45,6.74,6.752,6.633,16558.06,19718.66,20328.71
2018-03-15,6.68,6.74,6.67,6.62,14541.07,-0.04,-0.6,6.752,6.777,6.614,16767.46,26196.02,20807.71
2018-03-14,6.75,6.8,6.71,6.69,13246.0,-0.06,-0.89,6.768,6.774,6.605,16124.04,27471.47,20791.43
2018-03-13,6.84,6.84,6.77,6.76,14829.1,-0.07,-1.02,6.772,6.754,6.589,16992.55,28035.7,21362.59
2018-03-12,6.76,6.93,6.85,6.74,26403.12,0.09,1.33,6.784,6.728,6.562,19709.13,27897.82,21934.08
2018-03-09,6.74,6.81,6.76,6.72,14818.0,0.02,0.3,6.764,6.694,6.547,22879.26,26769.68,21337.35
2018-03-08,6.72,6.78,6.75,6.72,11324.0,0.02,0.3,6.802,6.662,6.534,35624.58,26373.71,21716.75
2018-03-07,6.79,6.81,6.73,6.71,17588.53,-0.09,-1.32,6.78,6.63,6.523,38818.9,26005.71,22462.85
2018-03-06,6.77,6.85,6.83,6.69,28412.02,0.07,1.04,6.736,6.595,6.525,39078.86,25030.89,22601.61
2018-03-05,6.83,6.84,6.75,6.68,42253.75,-0.2,-2.88,6.672,6.548,6.532,36086.51,23584.42,21672.67
2018-03-02,6.59,7.14,6.95,6.58,78544.58,0.3,4.51,6.624,6.514,6.543,30660.09,20938.75,20430.23
2018-03-01,6.49,6.66,6.64,6.45,27295.62,0.14,2.15,6.522,6.451,6.545,17122.85,15419.4,17134.25
2018-02-28,6.49,6.54,6.51,6.42,18888.31,0.0,0.0,6.48,6.435,6.561,13192.53,14111.4,16835.47
2018-02-27,6.51,6.53,6.51,6.45,13450.31,0.0,0.0,6.454,6.423,6.587,10982.93,14689.48,16891.85
2018-02-26,6.44,6.52,6.51,6.44,15121.64,0.06,0.93,6.424,6.395,6.612,11082.33,15970.35,16996.94
2018-02-23,6.43,6.47,6.44,6.4,10858.37,0.01,0.16,6.404,6.399,6.636,11217.42,15905.02,17036.31
2018-02-22,6.39,6.44,6.43,6.39,7644.01,0.06,0.94,6.38,6.406,6.664,13715.95,17059.78,17425.64
2018-02-14,6.38,6.43,6.38,6.32,7840.33,0.01,0.16,6.39,6.416,6.697,15030.27,18919.98,18233.86
2018-02-13,6.41,6.49,6.36,6.34,13947.3,-0.05,-0.78,6.392,6.454,6.73,18396.02,20172.32,20113.2
2018-02-12,6.35,6.46,6.41,6.35,15797.07,0.1,1.58,6.366,6.515,6.764,20858.36,19760.91,21090.32
2018-02-09,6.34,6.39,6.32,6.16,23351.03,-0.15,-2.32,6.394,6.571,6.785,20592.62,19921.7,21756.45
2018-02-08,6.31,6.48,6.48,6.22,14215.6,0.1,1.57,6.432,6.638,6.821,20403.61,18849.11,22699.31
2018-02-07,6.32,6.4,6.39,6.13,24669.1,0.16,2.57,6.442,6.687,6.843,22809.69,19559.55,22688.23
2018-02-06,6.48,6.48,6.23,6.2,26259.0,-0.31,-4.74,6.516,6.751,6.867,21948.62,19094.23,22420.87
2018-02-05,6.48,6.56,6.55,6.43,14468.39,0.04,0.61,6.664,6.828,6.906,18663.46,18023.53,22000.68
2018-02-02,6.55,6.58,6.51,6.46,22405.94,-0.03,-0.46,6.748,6.873,6.929,19250.78,18167.61,22921.2
2018-02-01,6.8,6.8,6.53,6.53,26246.0,-0.26,-3.83,6.844,6.922,6.95,17294.61,17791.51,23687.11
2018-01-31,6.96,6.96,6.76,6.75,20363.79,-0.21,-3.01,6.932,6.977,6.963,16309.41,17547.75,22936.36
2018-01-30,6.94,7.01,6.97,6.94,9833.17,0.0,0.0,6.986,7.005,6.965,16239.84,20054.07,22671.72
2018-01-29,7.0,7.07,6.97,6.94,17405.0,-0.02,-0.29,6.992,7.013,6.957,17383.6,22419.74,23904.51
2018-01-26,6.96,7.03,6.99,6.96,12625.07,0.02,0.29,6.998,6.998,6.94,17084.43,23591.2,23505.01
2018-01-25,7.06,7.08,6.97,6.96,21320.0,-0.06,-0.85,7.0,7.003,6.919,18288.42,26549.51,23379.55
2018-01-24,7.0,7.14,7.03,6.99,20015.97,0.03,0.43,7.022,6.998,6.898,18786.09,25816.91,22675.45
2018-01-23,6.97,7.02,7.0,6.97,15551.98,0.0,0.0,7.024,6.983,6.875,23868.31,25747.52,22231.05
2018-01-22,7.0,7.01,7.0,6.92,15909.14,0.0,0.0,7.034,6.984,6.852,27455.87,25977.83,22052.93
2018-01-19,7.04,7.12,7.0,6.99,18645.0,-0.08,-1.13,6.998,6.984,6.832,30097.96,27674.79,21796.92
2018-01-18,7.0,7.1,7.08,6.98,23808.38,0.04,0.57,7.006,6.978,6.815,34810.6,29582.7,21422.26
2018-01-17,7.04,7.18,7.04,7.02,45427.03,-0.02,-0.28,6.974,6.949,6.794,32847.73,28324.97,20734.09
2018-01-16,6.8,7.08,7.05,6.8,33489.81,0.23,3.37,6.942,6.925,6.778,27626.73,25289.36,19148.39
2018-01-15,7.02,7.03,6.82,6.81,29119.6,-0.22,-3.12,6.934,6.9,6.761,24499.79,25389.28,18194.84
2018-01-12,6.93,7.16,7.04,6.88,42208.17,0.12,1.73,6.97,6.881,6.757,25251.61,23418.83,17161.21
2018-01-11,6.89,6.92,6.92,6.83,13994.04,0.03,0.43,6.95,6.834,6.742,24354.81,20209.6,15491.45
2018-01-10,6.98,7.0,6.88,6.83,19322.01,-0.13,-1.85,6.924,6.797,6.735,23802.2,19534.0,15179.75
2018-01-09,6.96,7.03,7.01,6.96,17855.11,0.02,0.29,6.908,6.767,6.728,22952.0,18714.59,14733.05
2018-01-08,6.95,7.07,7.0,6.89,32878.72,0.05,0.72,6.866,6.719,6.717,26278.78,18128.04,14400.14
2018-01-05,6.79,7.01,6.94,6.78,37724.15,0.15,2.21,6.792,6.68,6.707,21586.05,15919.06,13662.5
2018-01-04,6.79,6.82,6.79,6.76,11231.02,-0.02,-0.29,6.718,6.651,6.692,16064.4,13261.82,12260.24
2018-01-03,6.81,6.81,6.8,6.75,15071.01,0.0,0.0,6.67,6.638,6.686,15265.79,13143.21,12493.82
2018-01-02,6.63,6.85,6.8,6.61,34489.01,0.18,2.72,6.626,6.63,6.679,14477.18,13007.41,12609.02
2017-12-29,6.59,6.64,6.63,6.56,9415.04,0.06,0.91,6.572,6.622,6.677,9977.29,11000.39,11500.07
2017-12-28,6.58,6.6,6.57,6.54,10115.9,0.02,0.3,6.568,6.633,6.691,10252.06,10903.59,11474.07
2017-12-27,6.57,6.61,6.55,6.54,7238.0,-0.03,-0.46,6.584,6.649,6.705,10459.24,10773.3,11445.14
2017-12-26,6.52,6.59,6.58,6.5,11127.93,0.04,0.61,6.606,6.673,6.72,11020.64,10825.5,11649.49
2017-12-25,6.59,6.68,6.53,6.5,11989.6,-0.06,-0.91,6.634,6.689,6.733,11537.65,10751.51,11594.32
2017-12-22,6.66,6.68,6.61,6.59,10788.89,-0.04,-0.6,6.672,6.715,6.744,12023.49,10672.25,11527.29
2017-12-21,6.66,6.7,6.65,6.58,11151.77,-0.01,-0.15,6.698,6.733,6.75,11555.11,11405.95,11616.1
2017-12-20,6.73,6.74,6.66,6.64,10044.99,-0.06,-0.89,6.714,6.733,6.753,11087.36,11258.67,12128.28
2017-12-19,6.7,6.74,6.72,6.68,13713.0,0.01,0.15,6.74,6.733,6.765,10630.37,11844.43,12605.94
2017-12-18,6.73,6.78,6.72,6.67,14418.81,-0.02,-0.3,6.744,6.727,6.774,9965.37,12210.63,12618.14
2017-12-15,6.73,6.77,6.74,6.71,8447.0,0.01,0.15,6.758,6.732,6.783,9321.0,11999.75,12669.55
2017-12-14,6.8,6.8,6.73,6.7,8813.01,-0.06,-0.88,6.768,6.748,6.793,11256.79,12044.55,13701.37
2017-12-13,6.76,6.81,6.79,6.74,7760.01,0.05,0.74,6.752,6.761,6.815,11429.97,12116.98,13772.49
2017-12-12,6.79,6.81,6.74,6.72,10388.0,-0.05,-0.74,6.726,6.767,6.832,13058.49,12473.48,14049.74
2017-12-11,6.76,6.81,6.79,6.71,11197.0,0.0,0.0,6.71,6.777,6.854,14455.89,12437.13,14541.34
2017-12-08,6.64,6.87,6.79,6.64,18125.91,0.14,2.1,6.706,6.773,6.878,14678.49,12382.33,14838.53
2017-12-07,6.63,6.67,6.65,6.6,9678.94,0.0,0.0,6.728,6.767,6.906,12832.31,11826.24,14523.8
2017-12-06,6.67,6.68,6.66,6.55,15902.6,0.01,0.15,6.77,6.773,6.942,12803.99,12997.89,14656.66
2017-12-05,6.75,6.77,6.66,6.63,17375.0,-0.11,-1.62,6.808,6.796,6.976,11888.48,13367.46,14401.28
2017-12-04,6.89,6.92,6.77,6.73,12310.0,-0.12,-1.74,6.844,6.821,7.007,10418.36,13025.66,14065.68
2017-12-01,6.85,6.9,6.9,6.83,8895.0,0.05,0.73,6.84,6.833,7.032,10086.17,13339.35,14169.53
2017-11-30,6.82,6.86,6.86,6.81,9537.36,0.02,0.29,6.806,6.838,7.049,10820.17,15358.19,14824.03
2017-11-29,6.84,6.87,6.85,6.79,11325.02,0.01,0.15,6.776,6.868,7.073,13191.79,15428.01,15094.81
2017-11-28,6.75,6.85,6.84,6.75,10024.42,0.09,1.33,6.784,6.897,7.102,14846.44,15626.0,15070.82
2017-11-27,6.73,6.8,6.75,6.72,10649.06,0.02,0.3,6.798,6.93,7.131,15632.96,16645.55,15298.48
2017-11-24,6.72,6.8,6.73,6.7,12565.01,0.0,0.0,6.826,6.982,7.163,16592.53,17294.72,15986.07
2017-11-23,6.88,6.89,6.71,6.69,21395.46,-0.18,-2.61,6.87,7.045,7.203,19896.2,17221.37,16260.13
2017-11-22,6.9,6.94,6.89,6.86,19598.26,-0.02,-0.29,6.96,7.11,7.247,17664.22,16315.42,15991.33
2017-11-21,6.91,6.96,6.91,6.87,13957.0,0.01,0.14,7.01,7.155,7.282,16405.55,15435.1,15717.09
2017-11-20,7.02,7.02,6.89,6.82,15446.91,-0.06,-0.86,7.062,7.193,7.315,17658.15,15105.7,15660.64
2017-11-17,7.16,7.16,6.95,6.91,29083.38,-0.21,-2.93,7.138,7.23,7.351,17996.91,14999.71,15427.35
2017-11-16,7.15,7.19,7.16,7.14,10235.53,0.02,0.28,7.22,7.259,7.384,14546.53,14289.87,14707.14
2017-11-15,7.18,7.19,7.14,7.11,13304.94,-0.03,-0.42,7.26,7.278,7.401,14966.62,14761.61,15425.86
2017-11-14,7.28,7.28,7.17,7.14,20219.98,-0.11,-1.51,7.3,7.306,7.427,14464.65,14515.64,15689.56
2017-11-13,7.35,7.35,7.27,7.23,17140.72,-0.09,-1.22,7.324,7.332,7.452,12553.25,13951.41,15378.19
2017-11-10,7.36,7.38,7.36,7.3,11831.47,0.0,0.0,7.322,7.343,7.472,12002.5,14677.42,15841.12
2017-11-09,7.34,7.4,7.36,7.33,12336.01,0.02,0.27,7.298,7.36,7.496,14033.21,15298.89,16530.82
2017-11-08,7.29,7.36,7.34,7.26,10795.07,0.05,0.69,7.296,7.384,7.522,14556.59,15667.25,18823.45
2017-11-07,7.29,7.31,7.29,7.24,10663.0,0.03,0.41,7.312,7.408,7.547,14566.63,15999.08,19722.19
2017-11-06,7.25,7.28,7.26,7.16,14386.97,0.02,0.28,7.34,7.437,7.57,15349.56,16215.58,20383.06
2017-11-03,7.31,7.39,7.24,7.2,21985.01,-0.11,-1.5,7.364,7.472,7.594,17352.34,15854.99,20474.61
2017-11-02,7.41,7.41,7.35,7.33,14952.91,-0.07,-0.94,7.422,7.508,7.615,16564.56,15124.41,20057.29
2017-11-01,7.43,7.47,7.42,7.39,10845.24,-0.01,-0.14,7.472,7.524,7.626,16777.9,16090.11,20284.32
2017-10-31,7.37,7.45,7.43,7.33,14577.67,0.05,0.68,7.504,7.547,7.639,17431.53,16863.49,20524.18
2017-10-30,7.52,7.55,7.38,7.34,24400.89,-0.15,-1.99,7.534,7.571,7.652,17081.61,16804.97,20456.94
2017-10-27,7.6,7.61,7.53,7.52,18046.1,-0.07,-0.92,7.58,7.6,7.667,14357.63,17004.82,20497.61
2017-10-26,7.56,7.63,7.6,7.53,16019.61,0.02,0.26,7.594,7.632,7.681,13684.26,17762.74,20985.97
2017-10-25,7.59,7.61,7.58,7.52,14113.37,0.0,0.0,7.576,7.659,7.694,15402.32,21979.65,22171.24
2017-10-24,7.61,7.62,7.58,7.55,12828.07,-0.03,-0.39,7.59,7.685,7.715,16295.45,23445.31,23360.75
2017-10-23,7.6,7.65,7.61,7.54,10781.0,0.01,0.13,7.608,7.703,7.734,16528.34,24550.54,25619.6
2017-10-20,7.51,7.61,7.6,7.49,14679.24,0.09,1.2,7.62,7.716,7.749,19652.01,25094.24,27536.45
2017-10-19,7.66,7.67,7.51,7.47,24609.92,-0.14,-1.83,7.67,7.721,7.767,21841.23,24990.17,31171.97
2017-10-18,7.66,7.76,7.65,7.64,18579.02,-0.02,-0.26,7.742,7.727,7.781,28556.98,24478.52,31584.42
2017-10-17,7.65,7.7,7.67,7.65,13992.5,0.0,0.0,7.78,7.731,7.789,30595.17,24184.86,31923.46
2017-10-16,7.83,7.83,7.67,7.66,26399.39,-0.18,-2.29,7.798,7.732,7.796,32572.74,24108.91,33065.49
2017-10-13,7.83,7.85,7.85,7.77,25625.31,-0.02,-0.25,7.812,7.733,7.804,30536.46,23990.4,33180.53
2017-10-12,8.14,8.14,7.87,7.86,58188.66,0.03,0.38,7.772,7.729,7.803,28139.11,24209.19,33940.66
2017-10-11,7.76,7.85,7.84,7.71,28770.0,0.08,1.03,7.712,7.729,7.806,20400.07,22362.82,33026.52
2017-10-10,7.72,7.77,7.76,7.7,23880.34,0.02,0.26,7.682,7.744,7.808,17774.55,23276.18,33319.59
2017-10-09,7.69,7.76,7.74,7.69,16218.01,0.09,1.18,7.666,7.764,7.815,15645.08,26688.67,33473.28
2017-09-29,7.61,7.68,7.65,7.57,13638.52,0.08,1.06,7.654,7.781,7.824,17444.33,29978.66,34085.71
2017-09-28,7.7,7.74,7.57,7.5,19493.49,-0.12,-1.56,7.686,7.813,7.837,20279.27,37353.78,35221.08
2017-09-27,7.68,7.72,7.69,7.65,15642.4,0.01,0.13,7.746,7.835,7.857,24325.58,38690.31,35246.56
2017-09-26,7.65,7.71,7.68,7.64,13233.0,0.0,0.0,7.806,7.846,7.869,28777.82,39662.06,36146.24
2017-09-25,7.8,7.81,7.68,7.65,25214.22,-0.13,-1.67,7.862,7.86,7.885,37732.26,42022.06,37090.37
2017-09-22,7.8,7.86,7.81,7.78,27813.26,-0.06,-0.76,7.908,7.874,7.906,42512.99,42370.66,37375.28
2017-09-21,8.0,8.04,7.87,7.86,39725.0,-0.12,-1.5,7.94,7.877,7.917,54428.28,43672.13,37209.11
2017-09-20,7.93,8.02,7.99,7.92,37903.6,0.03,0.38,7.924,7.883,7.923,53055.05,43690.21,36839.01
2017-09-19,7.88,8.07,7.96,7.88,58005.2,0.05,0.63,7.886,7.871,7.926,50546.3,43363.0,37352.74
2017-09-18,7.88,7.95,7.91,7.84,49117.91,-0.06,-0.75,7.858,7.865,7.925,46311.87,40257.88,36391.13
2017-09-15,7.78,8.0,7.97,7.77,87389.67,0.18,2.31,7.84,7.866,7.935,42228.32,38192.76,35334.27
2017-09-14,7.77,7.84,7.79,7.75,32858.85,-0.01,-0.13,7.814,7.861,7.938,32915.98,33088.39,32679.43
2017-09-13,7.82,7.83,7.8,7.76,25359.88,-0.02,-0.26,7.842,7.879,7.951,34325.37,31802.81,32731.38
2017-09-12,7.84,7.86,7.82,7.8,36833.04,0.0,0.0,7.856,7.891,7.962,36179.7,32630.43,33589.84
2017-09-11,7.82,7.85,7.82,7.77,28700.17,-0.02,-0.26,7.872,7.91,7.968,34203.89,32158.68,33642.66
2017-09-08,7.91,7.92,7.84,7.79,40827.98,-0.09,-1.14,7.892,7.937,7.971,34157.19,32379.89,34328.79
2017-09-07,7.86,7.95,7.93,7.81,39905.79,0.06,0.76,7.908,7.956,7.962,33260.79,30746.09,34223.66
2017-09-06,7.88,7.89,7.87,7.83,34631.53,-0.03,-0.38,7.916,7.962,7.95,29280.24,29987.82,34253.47
2017-09-05,7.92,7.95,7.9,7.88,26954.0,-0.02,-0.25,7.926,7.981,7.949,29081.16,31342.49,34651.91
2017-09-04,7.91,7.95,7.92,7.88,28466.64,0.0,0.0,7.948,7.985,7.954,30113.46,32524.37,34865.34
2017-09-01,7.94,7.99,7.92,7.86,36346.01,-0.05,-0.63,7.982,8.003,7.956,30602.6,32475.79,34686.93
2017-08-31,7.95,7.98,7.97,7.9,20003.01,0.05,0.63,8.004,8.015,7.957,28231.39,32270.46,34834.42
2017-08-30,8.01,8.04,7.92,7.91,33636.13,-0.09,-1.12,8.008,8.022,7.957,30695.39,33659.96,35077.42
2017-08-29,8.06,8.14,8.01,7.99,32115.53,-0.08,-0.99,8.036,8.032,7.957,33603.82,34549.24,35295.16
2017-08-28,8.01,8.1,8.09,8.01,30912.3,0.06,0.75,8.022,8.026,7.955,34935.27,35126.64,35589.6
2017-08-25,7.98,8.04,8.03,7.95,24490.0,0.04,0.5,8.024,8.005,7.951,34348.98,36277.69,35965.52
2017-08-24,8.03,8.09,7.99,7.91,32323.01,-0.07,-0.87,8.026,7.967,7.949,36309.53,37701.22,36529.26
2017-08-23,7.95,8.12,8.06,7.94,48178.24,0.12,1.51,8.036,7.938,7.955,36624.53,38519.12,37722.85
2017-08-22,7.99,8.02,7.94,7.89,38772.81,-0.16,-1.98,8.028,7.917,7.952,35494.66,37961.32,38575.4
2017-08-21,8.04,8.12,8.1,8.02,27980.83,0.06,0.75,8.03,7.922,7.962,35318.0,37206.32,40912.42
2017-08-18,8.03,8.08,8.04,7.96,34292.76,0.0,0.0,7.986,7.908,7.953,38206.4,36898.08,42191.42
2017-08-17,8.03,8.07,8.04,8.01,33898.0,0.02,0.25,7.908,7.899,7.944,39092.91,37398.38,42735.98
2017-08-16,7.95,8.03,8.02,7.92,42528.92,0.07,0.88,7.84,7.891,7.928,40413.71,36494.88,42522.12
2017-08-15,7.88,8.0,7.95,7.86,37889.49,0.07,0.89,7.806,7.881,7.909,40427.98,36041.08,41882.8
2017-08-14,7.63,7.9,7.88,7.63,42422.83,0.23,3.01,7.814,7.884,7.885,39094.64,36052.57,41006.91
2017-08-11,7.63,7.76,7.65,7.61,38725.32,-0.05,-0.65,7.83,7.897,7.862,35589.76,35653.34,41038.97
2017-08-10,7.84,7.88,7.7,7.66,40502.0,-0.15,-1.91,7.89,7.93,7.867,35703.85,35357.3,40672.11
2017-08-09,8.01,8.01,7.85,7.82,42600.27,-0.14,-1.75,7.942,7.972,7.87,32576.05,36926.57,40073.69
2017-08-08,7.97,8.0,7.99,7.9,31222.76,0.03,0.38,7.956,7.987,7.864,31654.17,39189.49,40108.29
2017-08-07,7.95,7.98,7.96,7.9,24898.44,0.01,0.13,7.954,8.002,7.857,33010.51,44618.53,40994.56
2017-08-04,7.97,8.05,7.95,7.91,39295.76,-0.01,-0.13,7.964,7.997,7.847,35716.93,47484.76,41764.04
2017-08-03,7.92,7.98,7.96,7.88,24863.0,0.04,0.51,7.97,7.989,7.842,35010.76,48073.59,41720.5
2017-08-02,7.96,8.01,7.92,7.91,37990.89,-0.06,-0.75,8.002,7.964,7.84,41277.1,48549.36,42191.88
2017-08-01,8.0,8.09,7.98,7.93,38004.44,-0.03,-0.38,8.018,7.937,7.837,46724.8,47724.53,41817.33
2017-07-31,8.0,8.03,8.01,7.91,38430.56,0.03,0.38,8.05,7.886,7.829,56226.55,45961.24,41684.94
2017-07-28,8.08,8.09,7.98,7.97,35764.89,-0.14,-1.72,8.03,7.826,7.817,59252.58,46424.59,41393.94
2017-07-27,7.98,8.15,8.12,7.94,56194.71,0.12,1.5,8.008,7.803,7.801,61136.42,45986.91,40781.06
2017-07-26,8.1,8.15,8.0,7.88,65229.4,-0.14,-1.72,7.926,7.767,7.779,55821.61,43220.81,39242.16
2017-07-25,7.89,8.18,8.14,7.89,85513.18,0.23,2.91,7.856,7.74,7.761,48724.25,41027.09,38560.87
2017-07-24,7.88,8.0,7.91,7.83,53560.74,0.04,0.51,7.722,7.711,7.742,35695.94,37370.6,35262.06
2017-07-21,7.66,7.88,7.87,7.66,45184.06,0.16,2.08,7.622,7.697,7.734,33596.59,36043.32,33794.34
2017-07-20,7.65,7.75,7.71,7.61,29620.68,0.06,0.78,7.598,7.694,7.723,30837.4,35367.42,32875.13
2017-07-19,7.44,7.65,7.65,7.43,29742.61,0.18,2.41,7.608,7.715,7.723,30620.01,35834.41,32793.24
2017-07-18,7.38,7.49,7.47,7.36,20371.61,0.06,0.81,7.624,7.736,7.73,33329.93,35910.13,32624.2
2017-07-17,7.75,7.75,7.41,7.35,43064.0,-0.34,-4.39,7.7,7.771,7.745,39045.25,37408.64,32954.1
2017-07-14,7.73,7.78,7.75,7.67,31388.12,-0.01,-0.13,7.772,7.808,7.765,38490.04,36363.28,32666.42
2017-07-13,7.73,7.82,7.76,7.67,28533.72,0.03,0.39,7.79,7.799,7.764,39897.43,35575.21,32303.37
2017-07-12,7.8,7.87,7.73,7.6,43292.21,-0.12,-1.53,7.822,7.791,7.763,41048.8,35263.51,32559.02
2017-07-11,7.8,7.94,7.85,7.76,48948.21,0.08,1.03,7.848,7.781,7.758,38490.33,36094.64,31418.62
2017-07-10,7.86,7.87,7.77,7.74,40287.96,-0.07,-0.89,7.842,7.773,7.746,35772.04,33153.53,30153.15
2017-07-07,7.82,7.85,7.84,7.73,38425.07,0.03,0.38,7.844,7.77,7.734,34236.52,31545.36,29280.8
2017-07-06,7.86,7.94,7.92,7.81,34290.56,0.06,0.76,7.808,7.751,7.725,31252.99,30382.85,28697.46
2017-07-05,7.81,7.86,7.86,7.78,30499.86,0.04,0.51,7.76,7.73,7.711,29478.21,29752.07,28452.72
2017-07-04,7.79,7.83,7.82,7.73,35356.73,0.04,0.51,7.714,7.724,7.701,33698.95,29338.27,29103.33
2017-07-03,7.63,7.79,7.78,7.63,32610.39,0.12,1.57,7.704,7.719,7.686,30535.02,28499.55,29592.45
2017-06-30,7.66,7.68,7.66,7.6,23507.42,-0.02,-0.26,7.696,7.722,7.666,28854.19,28969.55,30307.26
2017-06-29,7.61,7.68,7.68,7.6,25416.67,0.05,0.66,7.694,7.728,7.654,29512.71,29031.53,33511.9
2017-06-28,7.73,7.75,7.63,7.57,51603.53,-0.14,-1.8,7.7,7.734,7.639,30025.93,29854.53,35092.86
2017-06-27,7.72,7.79,7.77,7.72,19537.07,0.03,0.39,7.734,7.734,7.646,24977.59,26742.6,34202.98
2017-06-26,7.63,7.78,7.74,7.63,24206.25,0.09,1.18,7.734,7.719,7.647,26464.09,27152.78,34464.23
2017-06-23,7.68,7.74,7.65,7.5,26800.01,-0.06,-0.78,7.748,7.698,7.653,29084.91,27016.24,35262.71
2017-06-22,7.82,7.89,7.71,7.71,27982.8,-0.09,-1.15,7.762,7.698,7.658,28550.36,27012.07,35123.26
2017-06-21,7.82,7.83,7.8,7.71,26361.81,0.03,0.39,7.768,7.691,7.657,29683.13,27153.37,35678.92
2017-06-20,7.86,7.86,7.77,7.76,26969.59,-0.04,-0.51,7.734,7.678,7.66,28507.61,28868.39,36302.64
2017-06-19,7.73,7.89,7.81,7.68,37310.36,0.09,1.17,7.704,7.652,7.675,27841.46,30685.35,35794.2
2017-06-16,7.74,7.76,7.72,7.64,24127.23,-0.02,-0.26,7.648,7.61,7.686,24947.57,31644.96,35095.69
2017-06-15,7.65,7.74,7.74,7.6,33646.64,0.11,1.44,7.634,7.58,7.705,25473.79,37992.27,36469.82
2017-06-14,7.63,7.66,7.63,7.57,20484.25,0.01,0.13,7.614,7.544,7.715,24623.61,40331.18,36241.65
2017-06-13,7.52,7.65,7.62,7.51,23638.82,0.09,1.2,7.622,7.557,7.726,29229.16,41663.37,36229.44
2017-06-12,7.63,7.63,7.53,7.52,22840.93,-0.12,-1.57,7.6,7.574,7.736,33529.23,41775.69,36525.6
2017-06-09,7.6,7.66,7.65,7.55,26758.31,0.01,0.13,7.572,7.607,7.747,38342.35,43509.17,37339.68
2017-06-08,7.68,7.73,7.64,7.62,29395.73,-0.03,-0.39,7.526,7.618,7.758,50510.75,43234.45,37313.44
2017-06-07,7.5,7.68,7.67,7.45,43512.03,0.16,2.13,7.474,7.622,7.781,56038.76,44204.48,37561.87
2017-06-06,7.37,7.52,7.51,7.35,45139.16,0.12,1.62,7.492,7.642,7.8,54097.57,43736.9,36754.65
2017-06-05,7.4,7.47,7.39,7.35,46906.51,-0.03,-0.4,7.548,7.697,7.826,50022.14,40903.05,36234.26
2017-06-02,7.36,7.46,7.42,7.13,87600.3,0.04,0.54,7.642,7.762,7.861,48675.99,38546.42,35623.33
2017-06-01,7.76,7.76,7.38,7.38,57035.8,-0.38,-4.9,7.71,7.829,7.896,35958.16,34947.36,33985.06
2017-05-31,7.9,7.9,7.76,7.73,33806.09,-0.03,-0.39,7.77,7.886,7.937,32370.2,32152.12,33217.57
2017-05-26,7.86,7.89,7.79,7.79,24762.0,-0.07,-0.89,7.792,7.894,7.967,33376.22,30795.51,32998.13
2017-05-25,7.77,7.88,7.86,7.63,40175.75,0.1,1.29,7.846,7.897,7.992,31783.96,31275.51,35932.27
2017-05-24,7.67,7.78,7.76,7.55,24011.17,0.08,1.04,7.882,7.887,8.03,28416.86,31170.19,35061.43
2017-05-23,7.81,7.84,7.68,7.68,39096.01,-0.19,-2.41,7.948,7.898,8.069,33936.56,31392.43,34976.7
2017-05-22,8.06,8.13,7.87,7.87,38836.16,-0.19,-2.36,8.002,7.94,8.112,31934.03,30919.27,34990.72
2017-05-19,8.03,8.1,8.06,7.99,16800.71,0.02,0.25,7.996,7.957,8.158,28214.8,29772.4,35501.07
2017-05-18,8.08,8.14,8.04,7.99,23340.25,-0.05,-0.62,7.948,7.954,8.194,30767.06,31565.47,40831.34
2017-05-17,7.94,8.25,8.09,7.9,51609.69,0.14,1.76,7.892,7.959,8.252,33923.53,32700.23,46901.77
2017-05-16,7.84,7.95,7.95,7.79,29083.35,0.11,1.4,7.848,7.962,8.341,28848.29,33022.75,50284.02
2017-05-15,7.85,7.89,7.84,7.79,20239.99,0.02,0.26,7.878,7.988,8.429,29904.5,34283.03,53151.36
2017-05-12,7.75,7.87,7.82,7.72,29562.03,0.06,0.77,7.918,8.04,8.53,31330.01,35200.75,55862.18
2017-05-11,7.81,7.92,7.76,7.6,39122.57,-0.11,-1.4,7.96,8.086,8.63,32363.88,40589.03,59936.67
2017-05-10,8.12,8.13,7.87,7.84,26233.53,-0.23,-2.84,8.026,8.172,8.713,31476.93,38952.66,60624.78
2017-05-09,8.08,8.23,8.1,7.9,34364.38,0.06,0.75,8.076,8.24,8.794,37197.21,38560.97,62384.23
2017-05-08,8.01,8.16,8.04,7.98,27367.52,0.01,0.12,8.098,8.284,8.867,38661.55,39062.17,63360.66
2017-05-05,8.1,8.2,8.03,8.02,34731.4,-0.06,-0.74,8.162,8.358,8.949,39071.5,41229.74,65544.95
2017-05-04,8.11,8.21,8.09,8.02,34687.81,-0.03,-0.37,8.212,8.434,9.027,48814.17,50097.21,66051.38
2017-05-03,8.22,8.26,8.12,7.97,54834.94,-0.09,-1.1,8.318,8.544,9.101,46428.39,61103.31,68026.95
2017-05-02,8.37,8.38,8.21,8.18,41686.08,-0.15,-1.79,8.404,8.719,9.156,39924.73,67545.29,66784.28
2017-04-28,8.21,8.38,8.36,8.18,29417.27,0.08,0.97,8.47,8.869,9.209,39462.78,72019.7,67747.48
2017-04-27,8.62,8.62,8.28,7.84,83444.77,-0.34,-3.94,8.554,9.02,9.261,43387.98,76523.61,68519.07
2017-04-26,8.56,8.66,8.62,8.52,22758.89,0.07,0.82,8.656,9.174,9.317,51380.25,79284.31,66278.94
2017-04-25,8.54,8.7,8.55,8.48,22316.63,0.01,0.12,8.77,9.254,9.354,75778.23,82296.89,68244.53
2017-04-24,8.76,8.79,8.54,8.43,39376.34,-0.24,-2.73,9.034,9.348,9.404,95165.85,86207.5,69208.31
2017-04-21,8.71,8.92,8.78,8.71,49043.25,-0.01,-0.11,9.268,9.45,9.45,104576.63,87659.15,70952.23
2017-04-20,9.1,9.24,8.79,8.65,123406.14,-0.4,-4.35,9.486,9.54,9.488,109659.25,89860.17,74461.33
2017-04-19,9.86,9.87,9.19,9.1,144748.8,-0.68,-6.89,9.692,9.619,9.518,107188.37,82005.54,72221.34
2017-04-18,9.61,10.15,9.87,9.55,119254.72,0.16,1.65,9.738,9.657,9.521,88815.55,74950.59,67707.48
2017-04-17,9.88,9.88,9.71,9.53,86430.23,-0.16,-1.62,9.662,9.592,9.487,77249.14,66023.27,64220.0
2017-04-14,9.78,9.91,9.87,9.71,74456.37,0.05,0.51,9.632,9.549,9.467,70741.66,63475.26,63096.54
2017-04-13,9.4,9.96,9.82,9.39,111051.72,0.4,4.25,9.594,9.501,9.432,70061.08,60514.52,61464.04
2017-04-12,9.52,9.57,9.42,9.39,52884.73,-0.07,-0.74,9.546,9.46,9.402,56822.72,53273.57,58883.62
2017-04-11,9.5,9.58,9.49,9.34,61422.66,-0.07,-0.73,9.576,9.454,9.397,61085.62,54192.17,60456.55
2017-04-10,9.69,9.73,9.56,9.48,53892.84,-0.12,-1.24,9.522,9.46,9.382,54797.39,52209.12,60777.55
2017-04-07,9.53,9.7,9.68,9.46,71053.47,0.1,1.04,9.466,9.449,9.36,56208.86,54245.32,59913.33
2017-04-06,9.54,9.62,9.58,9.47,44859.88,0.01,0.1,9.408,9.436,9.334,50967.95,59062.5,59397.78
2017-04-05,9.3,9.6,9.57,9.19,74199.27,0.35,3.8,9.374,9.416,9.311,49724.42,62437.15,58463.08
2017-03-31,9.28,9.36,9.22,9.18,29981.5,-0.06,-0.65,9.332,9.384,9.289,47298.71,60464.38,57167.87
2017-03-30,9.38,9.39,9.28,9.21,60950.19,-0.11,-1.17,9.398,9.381,9.28,49620.84,62416.73,57267.19
2017-03-29,9.41,9.46,9.39,9.35,44848.9,-0.02,-0.21,9.432,9.385,9.264,52281.78,62717.81,56009.9
2017-03-28,9.32,9.45,9.41,9.32,38642.26,0.05,0.53,9.464,9.363,9.248,67157.05,62413.56,56321.56
2017-03-27,9.55,9.62,9.36,9.35,62070.69,-0.19,-1.99,9.458,9.343,9.231,75149.87,64493.68,56049.15
2017-03-24,9.46,9.55,9.55,9.4,41592.17,0.1,1.06,9.436,9.339,9.217,73630.05,66720.93,55061.03
2017-03-23,9.52,9.55,9.45,9.31,74254.86,-0.1,-1.05,9.364,9.303,9.195,75212.61,69345.98,54804.16
2017-03-22,9.33,9.63,9.55,9.33,119225.27,0.17,1.81,9.338,9.27,9.179,73153.84,65581.34,56105.61
2017-03-21,9.25,9.42,9.38,9.21,78606.34,0.13,1.41,9.262,9.232,9.161,57670.06,59733.05,55721.42
2017-03-20,9.16,9.29,9.25,9.13,54471.62,0.06,0.65,9.228,9.205,9.15,53837.49,54489.02,53988.28
2017-03-17,9.29,9.43,9.19,9.19,49504.95,-0.13,-1.4,9.242,9.194,9.147,59811.81,53871.35,53813.03
2017-03-16,9.18,9.38,9.32,9.18,63961.04,0.15,1.64,9.242,9.179,9.146,63479.35,52117.66,53576.28
2017-03-15,9.18,9.24,9.17,9.15,41806.35,-0.04,-0.43,9.202,9.143,9.138,58008.84,49301.98,52863.46
2017-03-14,9.3,9.35,9.21,9.18,59443.49,-0.11,-1.18,9.202,9.133,9.132,61796.05,50229.57,52767.36
2017-03-13,9.13,9.34,9.32,9.12,84343.22,0.13,1.42,9.182,9.119,9.123,55140.54,47604.63,51001.82
2017-03-10,9.12,9.35,9.19,9.09,67842.64,0.07,0.77,9.146,9.095,9.109,47930.89,43401.14,48892.52
2017-03-09,9.11,9.18,9.12,9.06,36608.5,-0.05,-0.55,9.116,9.087,9.1,40755.97,40262.34,47491.32
2017-03-08,9.1,9.24,9.17,9.01,60742.38,0.06,0.66,9.084,9.087,9.093,40595.13,46629.87,47843.85
2017-03-07,9.15,9.15,9.11,9.08,26165.98,-0.03,-0.33,9.064,9.09,9.079,38663.09,51709.79,46573.0
2017-03-06,9.04,9.16,9.14,9.01,48294.97,0.1,1.11,9.056,9.095,9.063,40068.71,53487.54,46697.56
2017-03-03,8.92,9.07,9.04,8.9,31968.01,0.08,0.89,9.044,9.099,9.045,38871.38,53754.7,45699.21
2017-03-02,9.07,9.08,8.96,8.94,35804.3,-0.11,-1.21,9.058,9.112,9.029,39768.72,55034.9,45188.06
2017-03-01,9.07,9.1,9.07,9.01,51082.21,0.0,0.0,9.09,9.132,9.018,52664.61,56424.94,45855.81
2017-02-28,9.08,9.08,9.07,9.0,33194.06,-0.01,-0.11,9.116,9.13,8.998,64756.49,55305.15,45756.57
2017-02-27,9.08,9.14,9.08,9.05,42308.32,-0.03,-0.33,9.134,9.126,8.97,66906.36,54399.02,45505.3
2017-02-24,9.06,9.12,9.11,8.98,36454.71,-0.01,-0.11,9.154,9.122,8.94,68638.02,54383.89,45612.49
2017-02-23,9.18,9.24,9.12,8.94,100283.74,-0.08,-0.87,9.166,9.113,8.905,70301.08,54720.29,45151.76
2017-02-22,9.15,9.25,9.2,9.01,111541.62,0.04,0.44,9.174,9.099,8.865,60185.27,49057.84,41307.98
2017-02-21,9.18,9.18,9.16,9.1,43943.43,-0.02,-0.22,9.144,9.067,8.821,45853.8,41436.22,37359.47
2017-02-20,9.14,9.19,9.18,9.07,50966.62,0.01,0.11,9.118,9.03,8.782,41891.67,39907.58,37746.82
2017-02-17,9.1,9.19,9.17,9.0,44770.01,0.01,0.11,9.09,8.99,8.743,40129.76,37643.71,38594.05
2017-02-16,9.03,9.16,9.16,8.96,49704.67,0.11,1.22,9.06,8.945,8.724,39139.49,35341.21,38171.17
2017-02-15,9.03,9.07,9.05,8.94,39884.29,0.02,0.22,9.024,8.903,8.711,37930.4,35286.67,36867.28
2017-02-14,9.04,9.05,9.03,8.94,24132.75,-0.01,-0.11,8.99,8.866,8.703,37018.63,36208.0,36267.65
2017-02-13,8.99,9.12,9.04,8.98,42157.1,0.02,0.22,8.942,8.814,8.699,37923.49,36611.58,36304.85
2017-02-10,9.0,9.05,9.02,8.91,39818.63,0.04,0.45,8.89,8.758,8.697,35157.66,36841.09,37505.68
2017-02-09,8.88,9.04,8.98,8.83,43659.24,0.1,1.13,8.83,8.697,8.688,31542.94,35583.23,37499.81
2017-02-08,8.73,8.88,8.88,8.7,35325.41,0.09,1.02,8.782,8.63,8.681,32642.94,33558.13,37601.32
2017-02-07,8.75,8.8,8.79,8.69,28657.06,0.01,0.11,8.742,8.575,8.679,35397.37,33282.72,38383.8
2017-02-06,8.72,8.8,8.78,8.7,28327.96,0.06,0.69,8.686,8.534,8.677,35299.67,35586.07,39483.54
2017-02-03,8.7,8.91,8.72,8.62,21745.01,-0.02,-0.23,8.626,8.496,8.669,38524.52,39544.38,39135.92
2017-01-26,8.68,8.82,8.74,8.65,49159.28,0.06,0.69,8.564,8.503,8.666,39623.53,41001.13,39242.56
2017-01-25,8.51,8.69,8.68,8.45,49097.54,0.17,2.0,8.478,8.518,8.666,34473.32,38447.88,38502.56
2017-01-24,8.41,8.51,8.51,8.41,28168.58,0.03,0.35,8.408,8.539,8.669,31168.07,36327.29,38183.51
2017-01-23,8.35,8.56,8.48,8.35,44452.21,0.07,0.83,8.382,8.583,8.678,35872.46,35998.12,38307.55
2017-01-20,8.31,8.44,8.41,8.25,27240.04,0.1,1.2,8.366,8.635,8.687,40564.24,38170.28,37363.02
2017-01-19,8.34,8.38,8.31,8.23,23408.21,-0.02,-0.24,8.442,8.679,8.702,42378.73,39416.4,38247.13
2017-01-18,8.33,8.41,8.33,8.27,32571.3,-0.05,-0.6,8.558,8.732,8.719,42422.45,41644.51,39745.13
2017-01-17,8.29,8.45,8.38,8.13,51690.56,-0.02,-0.24,8.67,8.783,8.734,41486.52,43484.88,39966.15
2017-01-16,8.73,8.77,8.4,7.91,67911.11,-0.39,-4.44,8.784,8.819,8.747,36123.77,43381.01,39778.35
2017-01-13,8.84,8.88,8.79,8.76,36312.49,-0.1,-1.12,8.904,8.842,8.756,35776.31,38727.46,38727.53
2017-01-12,8.89,8.94,8.89,8.84,23626.79,0.0,0.0,8.916,8.829,8.746,36454.06,37483.98,39348.61
2017-01-11,8.97,8.97,8.89,8.84,27891.63,-0.06,-0.67,8.906,8.814,8.729,40866.56,38557.23,41538.12
2017-01-10,9.0,9.04,8.95,8.91,24876.85,-0.05,-0.56,8.896,8.798,8.723,45483.25,40039.73,43740.96
2017-01-09,8.81,9.09,9.0,8.78,66173.78,0.15,1.7,8.854,8.772,8.72,50638.24,40616.98,48530.68
2017-01-06,8.84,8.88,8.85,8.69,39701.24,0.01,0.11,8.78,8.739,8.74,41678.61,36555.76,50661.74
2017-01-05,8.8,8.93,8.84,8.8,45689.3,0.0,0.0,8.742,8.724,8.755,38513.9,37077.87,51053.6
2017-01-04,8.72,8.88,8.84,8.71,50975.06,0.1,1.14,8.722,8.706,8.777,36247.9,37845.76,51557.19
2017-01-03,8.61,8.74,8.74,8.6,50651.8,0.11,1.27,8.7,8.685,8.787,34596.21,36447.43,50232.7
2016-12-30,8.66,8.7,8.63,8.59,21375.63,-0.03,-0.35,8.69,8.674,8.801,30595.73,36175.69,49769.48
2016-12-29,8.7,8.74,8.66,8.61,23877.73,-0.08,-0.92,8.698,8.67,8.82,31432.92,38727.6,51000.76
2016-12-28,8.73,8.79,8.74,8.69,34359.26,0.01,0.12,8.706,8.662,8.846,35641.83,41213.23,52166.7
2016-12-27,8.69,8.79,8.73,8.66,42716.65,0.04,0.46,8.69,8.644,8.865,39443.63,44519.01,52980.58
2016-12-26,8.64,8.69,8.69,8.53,30649.38,0.02,0.23,8.67,8.648,8.883,38298.64,47442.19,54194.53
2016-12-23,8.71,8.73,8.67,8.65,25561.57,-0.03,-0.34,8.658,8.668,8.91,41755.64,56444.37,55819.09
2016-12-22,8.64,8.73,8.7,8.62,44922.3,0.04,0.46,8.642,8.741,8.937,46022.29,64767.71,57894.5
2016-12-21,8.61,8.69,8.66,8.61,53368.24,0.03,0.35,8.618,8.786,8.963,46784.63,65029.32,58581.72
2016-12-20,8.61,8.69,8.63,8.6,36991.71,0.0,0.0,8.598,8.847,8.998,49594.38,65268.62,62030.22
2016-12-19,8.59,8.66,8.63,8.48,47934.38,0.04,0.47,8.626,8.889,9.03,56585.73,64017.98,62760.47
2016-12-16,8.61,8.68,8.59,8.56,46894.81,0.01,0.12,8.678,8.927,9.062,71133.1,63363.28,63912.65
2016-12-15,8.51,8.68,8.58,8.51,48734.03,0.02,0.23,8.84,8.969,9.089,83513.14,63273.91,63616.36
2016-12-14,8.76,8.79,8.56,8.55,67416.99,-0.21,-2.4,8.954,9.03,9.12,83274.01,63120.16,63516.18
2016-12-13,8.8,8.82,8.77,8.62,71948.46,-0.12,-1.35,9.096,9.086,9.153,80942.85,61442.15,62815.81
2016-12-12,9.4,9.44,8.89,8.78,120671.21,-0.51,-5.43,9.152,9.117,9.175,71450.22,60946.86,61480.85
2016-12-09,9.16,9.42,9.4,9.1,108794.99,0.25,2.73,9.176,9.151,9.19,55593.45,55193.81,58781.36
2016-12-08,9.25,9.28,9.15,9.13,47538.42,-0.12,-1.29,9.098,9.133,9.182,43034.68,51021.28,59084.97
2016-12-07,9.04,9.29,9.27,9.0,55761.18,0.22,2.43,9.106,9.14,9.179,42966.3,52134.12,60217.18
2016-12-06,9.08,9.09,9.05,9.0,24485.28,0.05,0.56,9.076,9.148,9.161,41941.45,58791.83,60485.98
2016-12-05,9.0,9.1,9.01,8.92,41387.4,0.01,0.11,9.082,9.171,9.161,50443.51,61502.97,61445.21
2016-12-02,9.16,9.23,9.01,9.0,46001.14,-0.18,-1.96,9.126,9.197,9.158,54794.16,64462.03,61896.08
2016-12-01,9.08,9.22,9.19,9.08,47196.5,0.08,0.88,9.168,9.209,9.153,59007.88,63958.82,61987.79
2016-11-30,9.05,9.16,9.12,9.02,50636.93,0.04,0.44,9.174,9.21,9.144,61301.94,63912.21,62334.0
2016-11-29,9.22,9.26,9.08,9.06,66995.59,-0.13,-1.41,9.22,9.22,9.135,75642.21,64189.47,62812.36
2016-11-28,9.2,9.3,9.23,9.1,63140.62,0.0,0.0,9.26,9.232,9.137,72562.42,62014.85,62434.91
2016-11-25,9.2,9.24,9.22,9.03,67069.74,-0.01,-0.11,9.268,9.229,9.125,74129.91,62368.92,62012.48
2016-11-24,9.32,9.34,9.22,9.16,58666.8,-0.13,-1.39,9.25,9.23,9.112,68909.76,67148.67,61849.51
2016-11-23,9.28,9.45,9.35,9.18,122338.29,0.08,0.86,9.246,9.217,9.106,66522.49,68300.23,61342.03
2016-11-22,9.3,9.31,9.28,9.22,51596.67,0.01,0.11,9.22,9.174,9.097,52736.73,62180.12,58831.17
2016-11-21,9.17,9.27,9.27,9.1,70978.04,0.15,1.65,9.204,9.15,9.093,51467.27,61387.46,60423.18
2016-11-18,9.2,9.22,9.13,9.12,40968.99,-0.08,-0.87,9.19,9.119,9.089,50607.92,59330.12,61385.38
2016-11-17,9.18,9.26,9.2,9.13,46730.44,-0.02,-0.22,9.21,9.097,9.091,65387.58,60016.76,63029.22
2016-11-16,9.19,9.25,9.22,9.15,53409.49,0.01,0.11,9.188,9.077,9.095,70077.98,60755.78,64643.49
2016-11-15,9.18,9.27,9.2,9.15,45249.37,0.0,0.0,9.128,9.05,9.101,71623.52,61435.24,66575.88
2016-11-14,9.21,9.3,9.2,9.13,66681.33,-0.03,-0.33,9.096,9.041,9.115,71307.65,62854.98,71728.65
2016-11-11,9.11,9.27,9.23,9.08,114867.26,0.14,1.54,9.048,9.021,9.114,68052.32,61656.05,73004.59
2016-11-10,8.99,9.1,9.09,8.99,70182.46,0.17,1.91,8.984,8.994,9.108,54645.94,56550.35,71969.41
2016-11-09,9.05,9.08,8.92,8.8,61137.19,-0.11,-1.22,8.966,8.995,9.113,51433.59,54383.82,72356.24
2016-11-08,8.97,9.06,9.04,8.97,43670.0,0.08,0.89,8.972,9.02,9.128,51246.97,55482.21,72922.12
2016-11-07,8.91,9.02,8.96,8.82,50404.68,0.06,0.67,8.986,9.035,9.141,54402.31,59458.91,76293.93
2016-11-04,8.99,9.05,8.91,8.87,47835.35,-0.09,-1.0,8.994,9.058,9.154,55259.78,63440.64,85182.83
2016-11-03,8.92,9.05,9.0,8.91,54120.71,0.06,0.67,9.004,9.084,9.193,58454.77,66041.68,87690.35
2016-11-02,9.09,9.12,8.95,8.91,60204.09,-0.15,-1.65,9.024,9.112,9.235,57334.05,68531.19,91283.86
2016-11-01,9.04,9.15,9.11,8.98,59446.71,0.11,1.22,9.068,9.152,9.275,59717.45,71716.52,97263.02
2016-10-31,8.96,9.1,9.0,8.93,54692.05,0.05,0.56,9.084,9.189,9.308,64515.52,80602.31,106101.54
2016-10-28,9.1,9.15,8.96,8.93,63810.28,-0.14,-1.54,9.122,9.206,9.341,71621.5,84353.12,118135.63
2016-10-27,9.16,9.16,9.1,9.05,48517.12,-0.06,-0.66,9.164,9.222,9.352,73628.59,87388.46,119301.52
2016-10-26,9.22,9.22,9.17,9.05,72121.08,-0.02,-0.22,9.2,9.23,9.359,79728.33,90328.67,121745.91
2016-10-25,9.28,9.3,9.19,9.14,83437.05,0.0,0.0,9.236,9.235,9.363,83715.6,90362.04,124294.99
2016-10-24,9.13,9.24,9.19,9.09,90221.98,0.03,0.33,9.294,9.246,9.373,96689.11,93128.95,127020.25
2016-10-21,9.28,9.32,9.17,9.05,73845.74,-0.1,-1.08,9.29,9.249,9.364,97084.74,106925.02,124467.86
2016-10-20,9.35,9.37,9.28,9.18,79015.78,-0.06,-0.64,9.28,9.302,9.348,101148.32,109339.02,122904.11
2016-10-19,9.49,9.52,9.35,9.28,92057.43,-0.13,-1.37,9.26,9.358,9.331,100929.02,114036.52,122426.55
2016-10-18,9.21,9.49,9.48,9.17,148304.62,0.31,3.38,9.234,9.397,9.298,97008.48,122809.52,121741.54
2016-10-17,9.16,9.29,9.17,9.04,92200.13,0.06,0.66,9.198,9.426,9.273,89568.78,131600.77,119468.68
2016-10-14,9.2,9.29,9.12,9.01,94163.65,-0.05,-0.55,9.208,9.476,9.277,116765.3,151918.15,123614.65
2016-10-13,9.19,9.25,9.18,9.14,77919.25,-0.03,-0.33,9.324,9.481,9.284,117529.71,151214.58,130212.85
2016-10-12,9.23,9.27,9.22,9.13,72454.75,-0.06,-0.65,9.456,9.488,9.27,127144.03,153163.16,129950.1
2016-10-11,9.15,9.3,9.3,9.06,111106.14,0.07,0.76,9.56,9.491,9.252,148610.57,158227.95,129629.29
2016-10-10,9.52,9.6,9.22,8.9,228182.73,-0.46,-4.75,9.654,9.499,9.235,173632.76,160911.55,130937.67
2016-09-30,9.74,9.86,9.7,9.66,97985.7,-0.13,-1.32,9.744,9.479,9.213,187070.99,142010.71,123250.59
2016-09-29,9.7,9.85,9.84,9.62,125990.82,0.1,1.03,9.638,9.393,9.162,184899.44,136469.2,121947.34
2016-09-28,9.7,9.98,9.74,9.56,179787.44,-0.01,-0.1,9.52,9.304,9.102,179182.29,130816.58,116967.47
2016-09-27,9.6,9.83,9.77,9.35,236217.12,0.16,1.67,9.422,9.198,9.046,167845.33,120673.55,110705.85
2016-09-26,9.17,9.89,9.67,9.17,295373.88,0.5,5.45,9.344,9.12,8.985,148190.34,107336.58,100424.92
2016-09-23,9.29,9.41,9.17,9.11,87127.93,-0.09,-0.97,9.214,9.078,8.927,96950.42,95311.16,87853.59
2016-09-22,9.25,9.48,9.25,9.21,97405.06,0.0,0.0,9.148,9.087,8.9,88038.97,109211.12,85345.67
2016-09-21,9.21,9.37,9.25,9.2,123102.67,-0.13,-1.39,9.088,9.051,8.87,82450.88,106737.03,82500.93
2016-09-20,9.04,9.58,9.38,8.89,137942.16,0.36,3.99,8.974,9.013,8.836,73501.76,101030.64,78236.63
2016-09-19,8.84,9.04,9.02,8.81,39174.27,0.18,2.04,8.896,8.97,8.799,66482.82,100963.79,73435.69
2016-09-14,8.86,8.97,8.84,8.75,42570.67,-0.1,-1.12,8.942,8.946,8.781,93671.9,104490.47,74923.93
2016-09-13,8.79,8.99,8.95,8.7,69464.62,0.26,2.99,9.026,8.931,8.77,130383.27,107425.49,74854.53
2016-09-12,8.9,8.94,8.68,8.65,78357.09,-0.31,-3.45,9.014,8.9,8.756,131023.19,103118.35,74067.77
2016-09-09,9.19,9.25,8.99,8.98,102847.44,-0.26,-2.81,9.052,8.894,8.752,128559.51,100738.16,73410.7
2016-09-08,9.14,9.45,9.25,9.12,175119.66,0.0,0.0,9.044,8.85,8.719,135444.77,93513.27,70511.58
2016-09-07,8.88,9.35,9.26,8.35,226127.53,0.37,4.16,8.95,8.776,8.667,115309.03,80396.03,63779.57
2016-09-06,8.9,8.9,8.89,8.68,72664.22,0.02,0.23,8.836,8.713,8.627,84467.71,61480.22,54672.06
2016-09-05,8.96,8.99,8.87,8.82,66038.69,-0.07,-0.78,8.786,8.688,8.605,75213.51,58264.84,53717.18
2016-09-02,8.7,9.02,8.95,8.66,137273.73,0.18,2.05,8.736,8.659,8.583,72916.81,55442.63,51978.2
2016-09-01,8.72,8.8,8.78,8.63,74441.0,0.08,0.92,8.656,8.628,8.552,51581.77,45907.58,47059.63
2016-08-31,8.72,8.83,8.69,8.66,71920.89,0.06,0.69,8.602,8.616,8.53,45483.02,45357.39,45634.93
2016-08-30,8.64,8.69,8.64,8.58,26393.25,0.02,0.23,8.59,8.609,8.513,38492.72,42283.56,43570.63
2016-08-29,8.52,8.74,8.62,8.52,54555.18,0.07,0.82,8.59,8.612,8.5,41316.16,45017.2,43804.28
2016-08-26,8.51,8.59,8.55,8.48,30598.55,0.04,0.47,8.582,8.609,8.489,37968.44,46083.24,43020.1
2016-08-25,8.58,8.58,8.51,8.37,43947.21,-0.11,-1.28,8.6,8.588,8.481,40233.39,47509.88,42711.1
2016-08-24,8.67,8.7,8.63,8.6,36969.43,0.0,0.0,8.63,8.558,8.478,45231.77,47163.11,42512.24
2016-08-23,8.61,8.72,8.64,8.57,40510.43,0.06,0.7,8.628,8.54,8.467,46074.4,47863.91,44947.13
2016-08-22,8.65,8.68,8.58,8.54,37816.6,-0.05,-0.58,8.634,8.522,8.481,48718.24,49169.52,44789.84
2016-08-19,8.67,8.67,8.64,8.55,41923.26,-0.02,-0.23,8.636,8.507,8.493,54198.04,48513.78,44421.71
2016-08-18,8.63,8.85,8.66,8.6,68939.12,0.04,0.46,8.576,8.476,8.5,54786.38,48211.67,44346.94
2016-08-17,8.64,8.66,8.62,8.55,41182.6,-0.05,-0.58,8.486,8.444,8.512,49094.44,45912.47,43517.6
2016-08-16,8.66,8.71,8.67,8.57,53729.6,0.08,0.93,8.452,8.416,8.522,49653.42,44857.7,44050.78
2016-08-15,8.35,8.63,8.59,8.3,65215.64,0.23,2.75,8.41,8.387,8.533,49620.8,42591.36,45609.57
2016-08-12,8.23,8.37,8.34,8.2,44864.93,0.11,1.34,8.378,8.368,8.553,42829.52,39956.96,47286.08
2016-08-11,8.44,8.47,8.21,8.21,40479.45,-0.23,-2.73,8.376,8.374,8.584,41636.96,37912.33,48395.23
2016-08-10,8.43,8.5,8.45,8.37,43977.48,0.0,0.0,8.402,8.398,8.628,42730.5,37861.37,49231.09
2016-08-09,8.46,8.49,8.46,8.41,53566.51,0.03,0.36,8.38,8.393,8.667,40061.98,42030.35,49900.35
2016-08-08,8.32,8.44,8.43,8.26,31259.23,0.09,1.08,8.364,8.439,8.705,35561.92,40410.15,51137.3
2016-08-05,8.35,8.38,8.33,8.28,38902.14,-0.02,-0.24,8.358,8.479,8.747,37084.4,40329.63,54249.28
2016-08-04,8.35,8.38,8.34,8.22,45947.16,-0.01,-0.12,8.372,8.524,8.779,34187.69,40482.21,54377.76
2016-08-03,8.38,8.42,8.34,8.32,30634.88,-0.05,-0.6,8.394,8.579,8.811,32992.24,41122.73,54498.1
2016-08-02,8.4,8.48,8.38,8.3,31066.2,-0.01,-0.12,8.406,8.628,8.843,43998.72,43243.86,56254.8
2016-08-01,8.4,8.4,8.4,8.11,38871.62,0.01,0.12,8.514,8.678,8.877,45258.39,48627.77,57682.95
2016-07-29,8.43,8.46,8.4,8.33,24418.59,-0.05,-0.59,8.6,8.738,8.903,43574.87,54615.19,59445.7
2016-07-28,8.36,8.51,8.45,8.31,39969.93,0.06,0.71,8.676,8.794,8.917,46776.74,58878.14,61082.31
2016-07-27,8.95,8.95,8.4,8.33,85667.25,-0.53,-5.93,8.764,8.858,8.931,49253.21,60600.81,62632.96
2016-07-26,8.82,8.94,8.92,8.79,37364.54,0.09,1.02,8.85,8.94,8.941,42489.01,57770.35,61358.46
2016-07-25,8.81,8.88,8.83,8.7,30454.03,0.03,0.34,8.842,8.97,8.931,51997.16,61864.45,63614.59
2016-07-22,8.85,8.9,8.78,8.75,40427.93,-0.1,-1.13,8.876,9.015,8.927,65655.52,68168.92,65617.86
2016-07-21,8.86,8.96,8.89,8.8,52352.3,0.07,0.79,8.912,9.034,8.918,70979.55,68273.31,69065.34
2016-07-20,8.88,8.94,8.83,8.81,51846.25,-0.05,-0.56,8.952,9.042,8.916,71948.41,67873.48,73188.37
2016-07-19,8.95,9.0,8.88,8.74,84905.28,-0.11,-1.22,9.03,9.058,8.9,73051.68,69265.73,73806.55
2016-07-18,9.06,9.14,9.0,8.92,98745.82,0.05,0.56,9.098,9.076,8.88,71731.73,66738.13,75745.12
2016-07-15,9.1,9.16,8.96,8.9,67048.09,-0.15,-1.65,9.154,9.067,8.861,70682.33,64276.2,83802.43
2016-07-14,9.23,9.27,9.09,9.0,57196.63,-0.13,-1.41,9.156,9.04,8.808,65567.07,63286.47,82532.42
2016-07-13,9.31,9.31,9.22,9.1,57362.59,0.0,0.0,9.132,9.003,8.741,63798.54,64665.1,81736.21
2016-07-12,9.2,9.29,9.22,9.06,78305.53,-0.08,-0.86,9.086,8.942,8.678,65479.79,64946.58,81076.63
2016-07-11,8.93,9.4,9.28,8.85,93498.8,0.34,3.8,9.054,8.892,8.606,61744.53,65364.74,79173.2
2016-07-08,8.88,8.98,8.97,8.81,41471.81,0.0,0.0,8.98,8.839,8.526,57870.07,63066.81,76691.89
2016-07-07,8.91,8.99,8.97,8.72,48353.99,0.05,0.56,8.924,8.801,8.477,61005.87,69857.37,76184.22
2016-07-06,9.03,9.15,8.99,8.88,65768.8,-0.05,-0.55,8.874,8.79,8.43,65531.66,78503.27,76692.74
2016-07-05,8.88,9.06,9.06,8.82,59629.24,0.14,1.57,8.798,8.742,8.389,64413.37,78347.37,76769.62
2016-07-04,8.66,8.96,8.91,8.57,74126.5,0.24,2.77,8.73,8.684,8.349,68984.96,84752.11,77718.06
2016-07-01,8.66,8.78,8.69,8.6,57150.84,-0.03,-0.34,8.698,8.654,8.305,68263.54,103328.65,76183.57
2016-06-30,8.68,8.8,8.72,8.67,70982.94,0.1,1.16,8.678,8.575,8.273,78708.87,101778.36,75633.23
2016-06-29,8.7,8.73,8.61,8.58,60177.34,-0.11,-1.26,8.706,8.479,8.237,91474.87,98807.33,75323.9
2016-06-28,8.64,8.84,8.72,8.53,82487.17,-0.03,-0.34,8.686,8.413,8.192,92281.38,97206.68,73683.83
2016-06-27,8.66,8.86,8.75,8.56,70519.42,0.16,1.86,8.638,8.319,8.14,100519.26,92981.66,70921.0
2016-06-24,8.8,8.88,8.59,8.36,109377.47,-0.28,-3.16,8.61,8.213,8.087,138393.76,90316.98,68779.25
2016-06-23,8.5,8.99,8.86,8.49,134812.94,0.33,3.87,8.472,8.152,8.042,124847.86,82511.06,64375.87
2016-06-22,8.38,8.58,8.51,8.37,64209.88,0.04,0.47,8.252,8.069,7.988,106139.78,74882.21,59097.04
2016-06-21,8.45,8.68,8.48,8.43,123676.58,-0.15,-1.74,8.14,8.035,7.953,102131.97,75191.87,57079.59
2016-06-20,8.69,8.69,8.61,8.44,259891.94,0.71,8.99,8.0,8.014,7.916,85444.05,70684.02,51884.69
2016-06-17,7.82,7.96,7.9,7.8,41647.95,0.15,1.94,7.816,7.956,7.87,42240.21,49038.5,40756.34
2016-06-16,7.93,7.96,7.76,7.73,41272.56,-0.18,-2.27,7.832,7.97,7.855,40174.27,49488.09,40601.92
2016-06-15,7.7,7.96,7.95,7.63,44170.84,0.18,2.32,7.886,7.994,7.852,43624.64,51840.48,40041.9
2016-06-14,7.65,7.86,7.78,7.62,40236.98,0.09,1.17,7.93,7.97,7.843,48251.77,50160.98,39237.1
2016-06-13,7.75,7.96,7.69,7.67,43872.7,-0.3,-3.75,8.028,7.961,7.839,55923.98,48860.34,38513.35
2016-06-08,8.03,8.04,7.98,7.89,31318.27,-0.06,-0.75,8.096,7.961,7.844,55836.79,47241.52,37765.46
2016-06-07,8.17,8.18,8.03,8.0,58524.42,-0.15,-1.83,8.108,7.932,7.828,58801.9,46240.67,37920.6
2016-06-06,8.18,8.27,8.17,8.09,67306.46,-0.1,-1.21,8.102,7.907,7.816,60056.32,43311.87,37344.02
2016-06-03,8.01,8.32,8.27,8.0,78598.06,0.24,2.99,8.01,7.87,7.785,52070.19,38967.31,36824.59
2016-06-02,8.03,8.05,8.03,7.93,43436.72,-0.01,-0.12,7.894,7.817,7.774,41796.69,33085.36,36307.2
2016-06-01,8.03,8.06,8.04,7.97,46143.86,0.03,0.38,7.826,7.783,7.794,38646.26,32474.19,36620.71
2016-05-31,7.7,8.02,8.0,7.62,64796.5,0.3,3.9,7.756,7.739,7.808,33679.43,31715.76,37395.08
2016-05-30,7.66,7.73,7.71,7.53,27375.79,0.02,0.26,7.712,7.71,7.823,26567.43,28243.31,37423.86
2016-05-27,7.66,7.74,7.69,7.57,27230.57,-0.01,-0.13,7.73,7.716,7.844,25864.42,28313.22,37921.29
2016-05-26,7.66,7.73,7.69,7.44,27684.59,0.01,0.13,7.74,7.717,7.866,24374.03,28166.37,39392.96
2016-05-25,7.78,7.84,7.69,7.66,21309.72,-0.09,-1.16,7.74,7.726,7.895,26302.12,28289.39,40109.62
2016-05-24,7.73,7.86,7.78,7.72,29236.47,-0.02,-0.26,7.722,7.724,7.928,29752.09,29600.54,41668.35
2016-05-23,7.68,7.82,7.8,7.68,23860.77,0.07,0.91,7.708,7.724,7.946,29919.19,31376.18,42301.62
2016-05-20,7.67,7.74,7.74,7.58,19778.61,0.06,0.78,7.702,7.7,7.97,30762.02,34681.87,43462.7
2016-05-19,7.62,7.8,7.69,7.56,37325.02,0.1,1.32,7.694,7.731,7.991,31958.71,39529.04,46036.6
2016-05-18,7.62,7.77,7.6,7.5,38559.58,-0.1,-1.3,7.712,7.805,8.017,30276.65,40767.23,50559.73
2016-05-17,7.78,7.84,7.71,7.62,30071.97,-0.06,-0.77,7.726,7.877,8.079,29448.99,43074.39,51969.53
2016-05-16,7.68,7.77,7.77,7.5,28074.94,0.07,0.91,7.74,7.936,8.138,32833.16,46604.4,54591.77
2016-05-13,7.72,7.85,7.7,7.61,25762.05,-0.07,-0.9,7.698,7.971,8.207,38601.71,47529.36,57551.95
2016-05-12,7.62,7.83,7.78,7.43,28914.73,0.11,1.43,7.768,8.015,8.279,47099.36,50619.54,61729.43
2016-05-11,7.78,7.9,7.67,7.62,34421.25,-0.1,-1.29,7.898,8.063,8.351,51257.8,51929.85,67451.26
2016-05-10,7.6,7.82,7.78,7.6,46992.83,0.21,2.77,8.028,8.131,8.435,56699.8,53736.16,74235.09
2016-05-09,7.97,7.97,7.56,7.54,56917.69,-0.48,-5.97,8.132,8.168,8.52,60375.64,53227.06,84655.77
2016-05-06,8.4,8.42,8.05,8.03,68250.31,-0.39,-4.62,8.244,8.239,8.592,56457.01,52243.53,92514.46
2016-05-05,8.35,8.45,8.43,8.27,49706.94,0.1,1.2,8.262,8.25,8.612,54139.72,52544.17,93332.54
2016-05-04,8.25,8.43,8.32,8.24,61631.21,0.02,0.24,8.228,8.229,8.619,52601.9,60352.23,95602.18
2016-05-03,8.06,8.33,8.3,8.01,65372.07,0.18,2.22,8.234,8.281,8.628,50772.52,60864.66,98060.65
2016-04-29,8.14,8.18,8.12,8.07,37324.51,-0.02,-0.25,8.204,8.34,8.622,46078.48,62579.14,98916.41
2016-04-28,8.26,8.26,8.14,8.08,56663.85,-0.12,-1.45,8.234,8.443,8.634,48030.05,67574.53,102491.1
2016-04-27,8.35,8.39,8.26,8.23,42017.86,-0.09,-1.08,8.238,8.543,8.632,50948.62,72839.31,102132.54
2016-04-26,8.19,8.36,8.35,8.19,52484.31,0.2,2.45,8.23,8.639,8.614,68102.55,82972.67,102879.63
2016-04-25,8.26,8.29,8.15,8.07,41901.86,-0.13,-1.57,8.328,8.738,8.603,70956.8,94734.03,103943.79
2016-04-22,8.18,8.29,8.27,8.09,47082.35,0.11,1.35,8.476,8.871,8.606,79079.81,116084.49,104076.73
2016-04-21,8.18,8.34,8.16,8.1,71256.73,-0.07,-0.85,8.652,8.944,8.597,87119.02,132785.4,104595.67
2016-04-20,8.81,8.88,8.22,8.06,127787.52,-0.62,-7.01,8.848,8.973,8.605,94730.01,134120.91,104069.99
2016-04-19,8.88,9.07,8.84,8.73,66755.52,-0.04,-0.45,9.048,9.008,8.608,97842.79,130852.13,101206.68
2016-04-18,9.07,9.19,8.89,8.81,82516.92,-0.27,-2.95,9.148,8.974,8.586,118511.26,135256.65,102462.36
2016-04-15,9.15,9.18,9.15,9.03,87278.4,0.02,0.22,9.266,8.903,8.555,153089.16,135253.67,103017.57
2016-04-14,9.27,9.29,9.14,9.01,109311.67,-0.1,-1.08,9.236,8.824,8.495,178451.79,137407.68,102530.65
2016-04-13,9.36,9.5,9.22,9.21,143351.44,-0.14,-1.5,9.098,8.721,8.426,173511.81,131425.76,99677.61
2016-04-12,9.2,9.47,9.34,9.0,170097.86,-0.13,-1.37,8.968,8.589,8.35,163861.47,122786.59,94840.92
2016-04-11,8.95,9.56,9.48,8.78,255406.44,0.49,5.45,8.8,8.467,8.277,152002.04,113153.55,89979.05
2016-04-08,8.33,9.05,9.0,8.25,214091.52,0.61,7.27,8.54,8.341,8.176,117418.19,92068.98,78809.81
2016-04-07,8.53,8.62,8.45,8.26,84611.78,-0.13,-1.51,8.412,8.25,8.1,96363.57,76405.93,69757.17
2016-04-06,8.41,8.7,8.57,8.29,95099.77,0.07,0.82,8.344,8.237,8.061,89339.71,74019.08,67391.51
2016-04-05,8.17,8.59,8.5,8.13,110800.71,0.31,3.79,8.21,8.207,8.028,81711.7,71561.24,65948.0
2016-04-01,8.27,8.33,8.18,8.0,82487.15,-0.19,-2.27,8.134,8.198,8.008,74305.05,69668.07,64388.05
2016-03-31,8.12,8.45,8.36,8.12,108818.43,0.24,2.96,8.142,8.207,7.982,66719.78,70781.47,64014.51
2016-03-30,7.94,8.14,8.11,7.92,49492.51,0.23,2.92,8.088,8.166,7.957,56448.3,67653.63,62890.07
2016-03-29,8.06,8.13,7.9,7.75,56959.72,-0.23,-2.83,8.13,8.131,7.946,58698.45,67929.46,64338.93
2016-03-28,8.21,8.32,8.12,8.08,73767.46,-0.1,-1.22,8.204,8.111,7.91,61410.77,66895.25,63783.16
2016-03-25,8.09,8.23,8.22,8.07,44560.78,0.13,1.61,8.262,8.086,7.854,65031.08,66804.56,63030.33
2016-03-24,8.24,8.24,8.09,8.06,57461.03,-0.22,-2.65,8.272,8.011,7.815,74843.16,65550.65,62994.19
2016-03-23,8.26,8.41,8.32,8.21,60743.24,0.07,0.85,8.244,7.95,7.784,78858.95,63108.4,63220.3
2016-03-22,8.33,8.35,8.27,8.2,70521.32,-0.13,-1.55,8.132,7.884,7.783,77160.47,60763.95,62657.79
2016-03-21,8.33,8.49,8.41,8.2,91869.02,0.15,1.82,8.018,7.848,7.779,72379.72,60334.77,61587.72
2016-03-18,7.98,8.28,8.27,7.97,93621.2,0.32,4.03,7.91,7.817,7.773,68578.03,59108.03,60463.82
2016-03-17,7.76,7.99,7.95,7.71,77539.99,0.19,2.45,7.75,7.756,7.765,56258.13,57247.55,57881.9
2016-03-16,7.66,7.83,7.76,7.61,52250.84,0.07,0.91,7.656,7.747,7.77,47357.85,58126.51,57379.37
2016-03-15,7.8,7.89,7.7,7.67,46617.57,-0.16,-2.04,7.636,7.761,7.788,44367.42,60748.4,57906.09
2016-03-14,7.55,7.87,7.87,7.54,72860.56,0.4,5.36,7.678,7.709,7.808,48289.82,60671.08,58228.0
2016-03-11,7.4,7.59,7.47,7.37,32021.69,-0.01,-0.13,7.724,7.622,7.8,49638.03,59256.11,56421.38
2016-03-10,7.56,7.84,7.48,7.47,33038.58,-0.17,-2.22,7.762,7.618,7.81,58236.98,60437.73,57508.95
2016-03-09,7.69,7.85,7.66,7.56,37298.71,-0.25,-3.16,7.838,7.617,7.815,68895.18,63332.2,58767.78
2016-03-08,8.04,8.04,7.91,7.53,66229.55,-0.19,-2.35,7.886,7.681,7.803,77129.38,64551.64,59406.29
2016-03-07,7.86,8.17,8.1,7.72,79601.63,0.43,5.61,7.74,7.709,7.778,73052.34,62840.68,58396.63
2016-03-04,7.95,8.06,7.66,7.52,75016.42,-0.21,-2.67,7.52,7.729,7.729,68874.19,61819.61,57269.19
2016-03-03,8.0,8.24,7.86,7.84,86329.58,-0.04,-0.51,7.474,7.773,7.701,62638.49,58516.26,56778.27
2016-03-02,7.19,7.9,7.9,7.16,78469.71,0.72,10.03,7.396,7.793,7.649,57769.22,56632.23,55482.65
2016-03-01,7.01,7.22,7.18,6.98,45844.38,0.18,2.57,7.476,7.815,7.62,51973.9,55063.79,56372.85
2016-02-29,7.42,7.42,7.0,6.76,58710.86,-0.42,-5.66,7.678,7.906,7.642,52629.01,55784.93,57652.69
2016-02-26,7.5,7.63,7.43,7.22,43837.92,-0.04,-0.54,7.938,7.978,7.715,54765.02,53586.64,56361.67
2016-02-25,8.29,8.29,7.47,7.47,61983.24,-0.83,-10.0,8.072,8.001,7.763,54394.02,54580.17,56244.55
2016-02-24,8.18,8.31,8.3,8.02,49493.09,0.12,1.47,8.19,8.012,7.8,55495.23,54203.35,56773.37
2016-02-23,8.23,8.37,8.19,8.05,49119.93,-0.11,-1.32,8.154,7.925,7.82,58153.68,54260.95,57797.6
2016-02-22,8.5,8.54,8.3,8.25,69390.92,0.2,2.47,8.134,7.846,7.853,58940.85,53952.58,59956.36
2016-02-19,8.02,8.15,8.1,8.0,41982.92,0.04,0.5,8.018,7.729,7.87,52408.26,52718.77,61253.53
2016-02-18,8.13,8.29,8.06,8.04,67489.31,-0.05,-0.62,7.93,7.629,7.904,54766.32,55040.29,64301.82
2016-02-17,8.02,8.13,8.12,7.91,62785.3,0.04,0.49,7.834,7.504,7.928,52911.47,54333.07,63981.0
2016-02-16,7.73,8.13,8.09,7.73,53055.78,0.36,4.66,7.696,7.425,7.933,50368.22,57681.9,65218.91
2016-02-15,7.5,7.85,7.72,7.5,36727.99,0.06,0.78,7.558,7.377,7.957,48964.31,59520.46,66414.82
2016-02-05,7.59,7.86,7.66,7.57,53773.24,0.08,1.05,7.44,7.451,8.001,53029.28,59136.71,70477.44
2016-02-04,7.39,7.75,7.58,7.37,58215.04,0.15,2.02,7.328,7.524,8.094,55314.25,57908.93,72849.07
2016-02-03,7.3,7.48,7.43,7.24,50069.03,0.04,0.54,7.174,7.588,8.189,55754.67,59343.39,70919.42
2016-02-02,7.16,7.48,7.4,7.11,46036.25,0.27,3.79,7.154,7.714,8.345,64995.59,61334.25,72130.63
2016-02-01,7.13,7.34,7.13,7.05,57052.82,0.02,0.28,7.196,7.859,8.491,70076.61,65960.14,75272.28
2016-01-29,6.81,7.25,7.1,6.8,65198.11,0.3,4.41,7.462,8.011,8.676,65244.13,69788.29,76343.68
2016-01-28,7.2,7.27,6.81,6.78,60417.15,-0.52,-7.09,7.72,8.179,8.919,60503.61,73563.36,75907.34
2016-01-27,7.65,7.74,7.33,6.88,96273.63,-0.28,-3.68,8.002,8.352,9.178,62932.12,73628.93,76438.0
2016-01-26,8.37,8.37,7.61,7.61,71441.35,-0.85,-10.05,8.274,8.44,9.409,57672.9,72755.91,76073.31
2016-01-25,8.42,8.56,8.46,8.32,32890.43,0.08,0.95,8.522,8.536,9.619,61843.66,73309.17,79154.15
2016-01-22,8.3,8.59,8.39,8.11,41495.51,0.16,1.94,8.56,8.55,9.821,74332.44,81818.17,83904.29
2016-01-21,8.31,8.71,8.22,8.21,72559.66,-0.47,-5.41,8.638,8.664,10.005,86623.1,87789.21,86815.72
2016-01-20,8.8,8.95,8.69,8.59,69977.57,-0.16,-1.81,8.702,8.79,10.206,84325.75,82495.45,90458.94
2016-01-19,8.56,8.97,8.85,8.5,92295.15,0.21,2.43,8.606,8.975,10.389,87838.91,82927.02,95081.62
2016-01-18,8.4,8.8,8.65,8.3,95334.32,-0.15,-1.71,8.55,9.122,10.54,84774.67,84584.42,96385.33
2016-01-15,8.42,8.86,8.78,8.2,102948.81,0.25,2.93,8.54,9.34,10.7,89303.9,82899.08,99829.87
2016-01-14,7.98,8.54,8.54,7.89,61072.91,0.32,3.89,8.69,9.658,10.846,88955.32,78251.32,102242.19
2016-01-13,8.6,8.88,8.21,8.2,87543.38,-0.36,-4.2,8.878,10.004,10.983,80665.14,79247.07,102813.37
2016-01-12,8.55,8.69,8.57,8.35,76973.95,-0.03,-0.35,9.344,10.378,11.133,78015.13,79390.72,101877.84
2016-01-11,9.19,9.2,8.6,8.6,117980.44,-0.95,-9.95,9.694,10.702,11.254,84394.16,84999.12,101132.43
2016-01-08,9.15,9.8,9.53,9.14,101205.94,0.05,0.53,10.14,11.092,11.359,76494.26,85990.4,98908.15
2016-01-07,10.2,10.3,9.48,9.48,19622.0,-1.05,-9.97,10.626,11.346,11.429,67547.31,85842.22,97206.17
2016-01-06,10.3,10.61,10.54,10.3,74293.3,0.23,2.23,11.13,11.622,11.499,77828.99,98422.43,101586.38
2016-01-05,10.16,10.74,10.32,9.81,108869.11,-0.51,-4.71,11.412,11.802,11.529,80766.3,107236.22,105445.18
2016-01-04,11.9,11.99,10.83,10.83,78480.96,-1.2,-9.97,11.71,11.958,11.598,85604.09,108186.24,105844.69
2015-12-31,11.92,12.05,11.96,11.81,56471.2,-0.04,-0.33,12.044,12.059,11.637,95486.54,116760.66,108640.76
2015-12-30,11.95,12.08,12.0,11.81,71030.37,0.08,0.67,12.066,12.033,11.612,104137.12,126233.06,111417.38
2015-12-29,11.82,11.96,11.95,11.58,88979.88,0.11,0.93,12.114,11.962,11.578,119015.86,126379.68,114223.5
2015-12-28,12.58,12.6,11.81,11.78,133058.02,-0.69,-5.52,12.192,11.888,11.565,133706.14,124364.96,117571.83
2015-12-25,12.07,12.79,12.5,11.97,127893.25,0.43,3.56,12.206,11.806,11.545,130768.4,117265.74,122157.45
2015-12-24,12.2,12.45,12.07,11.73,99724.08,-0.17,-1.39,12.074,11.626,11.509,138034.78,111825.9,129737.19
2015-12-23,12.4,12.79,12.24,12.14,145424.09,-0.11,-0.89,12.0,11.511,11.549,148329.01,108570.13,136766.88
2015-12-22,11.89,12.37,12.34,11.77,162431.25,0.46,3.87,11.81,11.375,11.564,133743.5,104750.34,139265.62
2015-12-21,11.8,11.97,11.88,11.66,118369.31,0.04,0.34,11.584,11.255,11.546,115023.78,103654.14,137183.78
2015-12-18,11.74,12.19,11.84,11.66,164225.19,0.14,1.2,11.406,11.238,11.549,103763.09,103503.14,141521.84
2015-12-17,11.37,11.74,11.7,11.31,151195.2,0.45,4.0,11.178,11.214,11.541,85617.02,100520.85,142471.17
2015-12-16,11.28,11.3,11.29,11.1,72496.54,0.09,0.8,11.022,11.191,11.531,68811.25,96601.69,141994.38
2015-12-15,11.12,11.37,11.21,11.03,68832.66,0.22,2.0,10.94,11.194,11.53,75757.19,102067.31,150246.36
2015-12-14,10.52,11.0,10.99,10.5,62065.85,0.28,2.61,10.926,11.242,11.529,92284.49,110778.71,158489.04
2015-12-11,10.85,10.88,10.7,10.6,73494.85,-0.22,-2.02,11.07,11.283,11.541,103243.2,127049.17,162721.45
2015-12-10,10.88,11.04,10.92,10.85,67166.37,0.04,0.37,11.25,11.392,11.556,115424.67,147648.47,169274.4
2015-12-09,11.0,11.17,10.88,10.78,107226.2,-0.25,-2.25,11.36,11.587,11.582,124392.13,164963.62,178341.1
2015-12-08,11.6,11.87,11.14,11.0,151469.19,-0.57,-4.87,11.448,11.753,11.588,128377.44,173780.89,182917.04
2015-12-07,11.6,11.75,11.71,11.43,116859.38,0.11,0.95,11.558,11.837,11.569,129272.93,170713.42,187535.86
2015-12-04,11.41,11.78,11.6,11.22,134402.23,0.14,1.22,11.496,11.859,11.529,150855.13,179540.54,195758.47
2015-12-03,11.36,11.55,11.47,11.29,112003.67,0.15,1.32,11.534,11.868,11.486,179872.27,184421.5,199709.46
2015-12-02,11.53,11.67,11.32,10.9,127152.73,-0.37,-3.17,11.814,11.871,11.432,205535.11,187387.07,207422.93
2015-12-01,11.4,11.91,11.69,11.17,155946.62,0.3,2.63,12.058,11.866,11.398,219184.34,198425.41,209607.5
2015-11-30,11.8,11.99,11.4,10.88,224770.42,-0.38,-3.23,12.116,11.815,11.317,212153.92,206199.38,206845.16
2015-11-27,12.75,13.26,11.79,11.57,279487.91,-1.07,-8.32,12.222,11.799,11.246,208225.94,198393.74,201672.64
2015-11-26,12.5,13.08,12.87,12.23,240317.88,0.34,2.71,12.202,11.72,11.172,188970.73,190900.32,196045.37
2015-11-25,11.96,12.54,12.54,11.85,195398.86,0.56,4.67,11.928,11.576,11.064,169239.03,191718.57,194745.54
2015-11-24,11.82,12.05,11.98,11.65,120794.54,0.04,0.34,11.674,11.422,10.98,177666.48,192053.2,205602.14
2015-11-23,11.65,12.37,11.93,11.61,205130.5,0.25,2.14,11.514,11.301,10.919,200244.83,204358.3,215730.2
2015-11-20,11.65,11.93,11.69,11.52,183211.86,0.19,1.65,11.376,11.199,10.811,188561.54,211976.41,212531.9
2015-11-19,11.35,11.53,11.5,11.15,141659.41,0.24,2.13,11.238,11.104,10.711,192829.92,214997.42,211351.48
2015-11-18,11.18,11.68,11.27,11.05,237536.08,0.09,0.81,11.224,10.993,10.605,214198.1,227458.79,211222.38
2015-11-17,11.31,11.8,11.18,11.12,233686.3,-0.06,-0.53,11.17,10.93,10.498,206439.91,220789.6,209346.34
2015-11-16,10.71,11.25,11.24,10.71,146714.06,0.24,2.18,11.088,10.818,10.447,208471.76,207490.94,208111.21
2015-11-13,11.1,11.38,11.0,10.89,204553.73,-0.4,-3.51,11.022,10.692,10.373,235391.27,204951.55,208890.34
2015-11-12,10.97,11.49,11.43,10.9,248500.34,0.43,3.91,10.97,10.624,10.31,237164.92,201190.43,207779.69
2015-11-11,10.8,11.05,11.0,10.51,198745.14,0.21,1.95,10.762,10.551,10.227,240719.48,197772.51,205567.51
2015-11-10,10.76,11.1,10.77,10.66,243845.55,-0.12,-1.1,10.69,10.537,10.143,235139.28,219151.08,202573.23
2015-11-09,11.04,11.29,10.91,10.81,281311.59,0.16,1.49,10.548,10.536,10.081,206510.12,227102.1,198469.44
2015-11-06,10.39,10.85,10.74,10.36,213421.98,0.35,3.37,10.362,10.423,10.012,174511.82,213087.39,196451.28
2015-11-05,10.58,10.75,10.39,10.3,266273.12,-0.25,-2.35,10.278,10.317,9.935,165215.93,207705.55,193094.88
2015-11-04,10.01,10.67,10.64,10.01,170844.16,0.58,5.76,10.34,10.216,9.862,154825.54,194985.98,187805.37
2015-11-03,10.1,10.23,10.06,9.9,100699.73,0.08,0.8,10.384,10.066,9.759,203162.88,197903.08,182313.47
2015-11-02,10.15,10.3,9.98,9.86,121320.11,-0.37,-3.58,10.524,10.075,9.685,247694.09,208731.47,181534.28
2015-10-30,10.7,10.73,10.32,10.07,166942.55,-0.38,-3.55,10.484,10.053,9.616,251662.95,212829.14,178738.9
2015-10-29,10.78,11.19,10.7,10.49,214321.16,-0.17,-1.56,10.356,9.996,9.523,250195.17,214368.96,174586.65
2015-10-28,10.78,11.59,10.86,10.76,412530.84,0.1,0.93,10.092,9.903,9.425,235146.41,213362.51,169463.12
2015-10-27,9.82,10.76,10.76,9.78,323355.78,0.98,10.02,9.748,9.748,9.304,192643.29,185995.39,153186.74
2015-10-26,9.91,9.97,9.78,9.63,141164.44,0.11,1.14,9.626,9.625,9.201,169768.85,169836.78,143264.59
2015-10-23,9.45,9.75,9.68,9.3,159603.62,0.29,3.09,9.622,9.6,9.147,173995.33,179815.18,141155.21
2015-10-22,9.18,9.42,9.38,8.9,139077.39,0.24,2.63,9.636,9.553,9.08,178542.75,178484.22,136995.6
2015-10-21,10.1,10.16,9.14,9.14,200015.2,-1.02,-10.04,9.714,9.508,9.026,191578.61,180624.77,137048.31
2015-10-20,9.75,10.25,10.15,9.65,208983.61,0.39,4.0,9.748,9.452,8.998,179347.48,166723.85,133330.75
2015-10-19,9.75,9.88,9.76,9.53,162296.84,0.0,0.0,9.624,9.294,8.881,169904.7,154337.1,128869.54
2015-10-16,9.83,9.92,9.75,9.46,182340.72,-0.02,-0.2,9.578,9.178,8.827,185635.03,144648.67,129932.42
2015-10-15,9.25,9.85,9.77,9.21,204256.67,0.41,4.38,9.47,9.05,8.822,178425.68,134804.34,130339.6
2015-10-14,9.47,9.65,9.31,9.21,138859.58,-0.23,-2.41,9.302,8.947,8.8,169670.93,125563.73,129272.04
2015-10-13,9.44,9.57,9.53,9.28,161769.69,0.0,0.0,9.156,8.859,8.81,154100.21,120378.1,140228.05
2015-10-12,9.28,9.7,9.53,9.18,240948.5,0.34,3.7,8.964,8.777,8.794,138769.49,116692.39,137543.84
2015-10-09,8.85,9.26,9.21,8.79,146293.98,0.27,3.02,8.778,8.693,8.761,103662.3,102495.23,134138.9
2015-10-08,8.78,8.98,8.93,8.68,160482.91,0.36,4.2,8.63,8.606,8.744,91182.99,95506.98,134094.2
2015-09-30,8.57,8.7,8.58,8.45,61005.99,0.01,0.12,8.592,8.543,8.726,81456.53,93471.84,132298.4
2015-09-29,8.48,8.71,8.57,8.3,85116.08,-0.03,-0.35,8.562,8.543,8.773,86655.98,99937.64,137479.86
2015-09-28,8.55,8.63,8.6,8.31,65412.53,0.11,1.3,8.59,8.467,8.874,94615.3,103401.98,143823.35
2015-09-25,8.62,8.86,8.47,8.36,83897.42,-0.28,-3.2,8.608,8.475,8.925,101328.16,115216.17,150823.12
2015-09-24,8.42,8.8,8.74,8.4,111850.61,0.34,4.05,8.582,8.593,8.986,99830.98,125874.87,159251.9
2015-09-23,8.45,8.65,8.43,8.32,87003.25,-0.27,-3.1,8.494,8.653,9.087,105487.15,132980.35,158897.07
2015-09-22,8.7,8.88,8.71,8.57,124912.67,0.02,0.23,8.524,8.76,9.263,113219.31,160078.01,156783.21
2015-09-21,8.35,8.78,8.69,8.0,98976.87,0.35,4.2,8.344,8.81,9.491,112188.67,158395.3,164203.73
2015-09-18,8.31,8.48,8.34,8.16,76411.5,0.04,0.48,8.342,8.829,9.796,129104.18,165782.57,190100.48
2015-09-17,8.48,8.81,8.3,8.15,140131.48,-0.28,-3.26,8.604,8.882,10.157,151918.76,172681.42,216948.08
2015-09-16,8.0,8.59,8.58,7.77,125664.01,0.77,9.86,8.812,8.909,10.449,160473.55,171124.96,217949.62
2015-09-15,8.26,8.5,7.81,7.81,119759.47,-0.87,-10.02,8.996,9.003,10.663,206936.71,175022.08,220739.6
2015-09-14,9.77,9.83,8.68,8.68,183554.42,-0.96,-9.96,9.276,9.28,10.91,204601.92,184244.71,222580.87
2015-09-11,9.4,9.85,9.65,9.37,190484.44,0.33,3.54,9.316,9.375,11.109,202460.97,186430.07,220230.41
2015-09-10,9.26,9.65,9.34,9.21,182905.41,-0.15,-1.58,9.16,9.378,11.242,193444.07,192628.93,220911.81
2015-09-09,9.37,9.75,9.5,9.13,357979.81,0.3,3.26,9.006,9.52,11.418,181776.37,184813.79,222927.85
2015-09-08,8.85,9.38,9.21,8.36,108085.54,0.33,3.72,9.01,9.765,11.539,143107.45,153488.41,212215.68
2015-09-07,8.9,9.37,8.88,8.7,172849.66,0.01,0.11,9.284,10.172,11.623,163887.5,170012.16,211893.03
2015-09-02,8.09,9.05,8.87,7.97,145399.91,0.3,3.5,9.434,10.763,11.699,170399.16,214418.39,207165.67
2015-09-01,9.29,9.29,8.57,8.57,124566.95,-0.95,-9.98,9.596,11.431,11.79,191813.79,261214.74,205645.01
2015-08-31,10.58,10.58,9.52,9.52,164635.19,-1.06,-10.02,10.034,11.988,11.895,187851.2,264774.29,204096.39
2015-08-28,9.76,10.58,10.58,9.58,211985.77,0.96,9.98,10.52,12.322,11.916,163869.36,266457.13,200622.79
2015-08-27,9.78,10.38,9.63,8.72,205407.98,-0.05,-0.52,11.06,12.539,11.931,176136.83,260917.02,194506.5
2015-08-26,10.03,10.98,9.68,9.68,252473.05,-1.08,-10.04,12.092,12.842,12.007,258437.62,254030.76,190013.64
2015-08-25,10.76,10.78,10.76,10.76,104754.0,-1.19,-9.96,13.266,13.105,12.096,330615.69,249194.69,183698.89
2015-08-24,11.95,12.4,11.95,11.95,44726.0,-1.33,-10.02,13.942,13.315,12.094,341697.37,261041.92,187151.95
2015-08-21,13.34,14.2,13.28,13.28,273323.12,-1.48,-10.03,14.124,13.312,12.086,369044.89,270942.95,191310.12
2015-08-20,16.3,16.98,14.79,14.57,616911.94,-0.76,-4.89,14.018,13.073,12.077,345697.21,253773.9,186272.95
2015-08-19,14.1,15.55,15.55,13.7,613363.38,1.41,9.97,13.592,12.635,12.022,249623.89,199912.95,163814.46
2015-08-18,14.14,14.14,14.14,14.14,160162.42,1.29,10.04,12.944,12.149,11.897,167773.69,150075.28,145196.62
2015-08-17,12.6,12.89,12.86,12.15,181463.61,0.11,0.86,12.688,11.802,11.832,180386.46,143418.5,149559.63
2015-08-14,12.66,13.15,12.75,12.56,156584.7,0.09,0.71,12.5,11.51,11.775,172841.0,134788.45,148911.0
2015-08-13,12.19,12.72,12.66,11.8,136545.33,0.36,2.93,12.128,11.323,11.718,161850.58,128095.99,148430.87
2015-08-12,12.6,13.22,12.31,12.01,204112.38,-0.53,-4.13,11.678,11.172,11.634,150202.0,125996.53,149036.2
2015-08-11,11.93,13.0,12.86,11.66,223226.27,0.93,7.79,11.354,11.087,11.567,132376.86,118203.1,146454.54
2015-08-10,11.05,11.95,11.92,11.05,143736.31,1.02,9.36,10.916,10.872,11.533,106450.54,113261.99,151548.42
2015-08-07,10.5,10.95,10.89,10.5,101632.63,0.49,4.71,10.52,10.859,11.492,96735.91,111677.29,153132.63
2015-08-06,10.34,10.69,10.41,10.1,78302.42,-0.22,-2.07,10.518,11.081,11.451,94341.39,118772.01,150827.24
2015-08-05,10.68,11.01,10.69,10.4,114986.68,0.01,0.09,10.666,11.409,11.393,101791.06,127715.98,153703.13
2015-08-04,9.93,10.7,10.67,9.93,93594.68,0.75,7.56,10.82,11.644,11.28,104029.34,140317.96,178966.25
2015-08-03,10.8,10.8,9.94,9.79,95163.13,-0.94,-8.64,10.828,11.862,11.312,120073.44,155700.76,183459.49
2015-07-31,10.89,11.2,10.88,10.21,89660.02,-0.24,-2.16,11.198,12.039,11.388,126618.67,163033.55,188364.84
2015-07-30,11.37,11.88,11.15,10.98,115550.81,-0.3,-2.62,11.644,12.113,11.418,143202.63,168765.76,194171.0
2015-07-29,11.0,11.48,11.46,10.49,126178.05,0.75,7.0,12.152,12.095,11.434,153640.9,172075.86,199084.77
2015-07-28,11.5,11.78,10.71,10.61,173815.19,-1.08,-9.16,12.468,12.046,11.433,176606.58,174705.98,203945.21
2015-07-27,12.75,12.99,11.79,11.79,127889.3,-1.31,-10.0,12.896,12.194,11.484,191328.07,189834.84,206097.36
2015-07-24,13.6,14.2,13.11,12.77,172579.81,-0.58,-4.24,12.88,12.124,11.461,199448.42,194587.98,212113.36
2015-07-23,13.0,13.98,13.69,12.87,167742.17,0.63,4.82,12.582,11.821,11.323,194328.88,182882.47,215407.83
2015-07-22,12.59,13.43,13.04,12.5,241006.41,0.19,1.48,12.038,11.377,11.108,190510.82,179690.27,219741.07
2015-07-21,11.5,12.85,12.85,11.3,247422.66,1.17,10.02,11.624,10.915,10.915,172805.39,217614.53,217614.53
2015-07-20,11.67,12.18,11.71,11.4,168491.06,0.07,0.6,11.492,10.7,10.7,188341.62,214302.52,214302.52
2015-07-17,11.08,11.8,11.62,11.0,146982.11,0.65,5.92,11.368,10.574,10.574,189727.53,220028.95,220028.95
2015-07-16,10.97,11.5,10.97,9.88,148651.84,0.0,0.0,11.06,10.424,10.424,171436.06,230464.21,230464.21
2015-07-15,11.75,11.9,10.97,10.97,152479.27,-1.22,-10.01,10.716,10.333,10.333,168869.73,244099.61,244099.61
2015-07-14,11.5,12.2,12.19,11.1,325103.81,1.1,9.92,10.206,10.206,10.206,262423.68,262423.68,262423.68
2015-07-13,11.0,11.09,11.09,10.5,175420.62,1.01,10.02,9.71,9.71,9.71,246753.65,246753.65,246753.65
2015-07-10,9.8,10.08,10.08,9.6,55524.76,0.92,10.04,9.25,9.25,9.25,270531.32,270531.32,270531.32
2015-07-09,8.2,9.25,9.25,8.2,135820.2,0.84,9.99,8.835,8.835,8.835,378034.6,378034.6,378034.6
2015-07-08,8.24,9.29,8.42,8.24,620249.0,-0.74,-8.08,8.42,8.42,8.42,620249.0,620249.0,620249.0
