date,open,high,close,low,volume,price_change,p_change,ma5,ma10,ma20,v_ma5,v_ma10,v_ma20
2018-07-06,23.57,23.94,23.45,22.7,44051.73,-0.26,-1.1,24.752,25.882,26.979,39990.09,30984.73,28950.45
2018-07-05,24.62,24.78,23.68,23.66,44300.0,-0.8,-3.27,25.454,26.232,27.264,35120.62,29316.1,28206.89
2018-07-04,25.51,25.74,24.51,24.43,49910.85,-1.14,-4.44,26.044,26.532,27.547,29383.32,27174.69,27388.96
2018-07-03,26.3,26.48,25.81,24.9,44253.44,-0.51,-1.94,26.54,26.759,27.788,22628.24,25170.4,27439.26
2018-07-02,27.0,27.07,26.31,26.01,17434.41,-0.64,-2.38,26.804,26.878,27.915,18990.55,23652.48,27335.11
2018-06-29,26.89,27.09,26.96,26.4,19704.39,0.32,1.2,27.012,27.078,28.006,21979.37,23910.91,28511.19
2018-06-28,27.0,27.02,26.63,26.51,15613.49,-0.37,-1.37,27.01,27.262,28.085,23511.58,24585.65,29105.88
2018-06-27,27.11,27.44,26.99,26.89,16135.47,-0.14,-0.52,27.02,27.501,28.148,24966.07,25850.65,30003.61
2018-06-26,27.13,27.88,27.13,26.88,26065.01,-0.22,-0.8,26.978,27.743,28.224,27712.56,27197.29,31227.25
2018-06-25,27.11,27.65,27.35,26.94,32378.49,0.41,1.52,26.952,27.89,28.29,28314.41,27533.36,31530.4
2018-06-22,26.79,27.08,26.95,26.21,27365.46,0.24,0.9,27.144,28.076,28.354,25842.46,26916.16,31922.38
2018-06-21,26.82,27.25,26.68,26.62,22885.92,-0.11,-0.41,27.514,28.295,28.463,25659.72,27097.68,32379.7
2018-06-20,26.99,27.2,26.78,26.53,29867.91,-0.22,-0.81,27.982,28.562,28.573,26735.24,27603.23,33709.38
2018-06-19,27.97,28.43,27.0,26.78,29074.26,-1.3,-4.59,28.508,28.817,28.68,26682.03,29708.13,34026.94
2018-06-15,28.6,28.74,28.31,28.1,20018.73,-0.39,-1.36,28.828,28.952,28.755,26752.3,31017.74,34443.44
2018-06-14,28.88,29.07,28.8,28.4,26451.76,-0.23,-0.79,29.008,28.933,28.778,27989.87,33111.47,34720.22
2018-06-13,29.4,29.55,29.02,28.93,28263.52,-0.38,-1.29,29.076,28.908,28.773,28535.64,33626.1,35192.35
2018-06-12,28.82,29.42,29.41,28.62,29601.88,0.79,2.76,29.142,28.794,28.801,28471.23,34156.58,35537.19
2018-06-11,29.01,29.25,28.6,28.38,29425.62,-0.6,-2.06,29.126,28.704,28.815,32734.23,35257.21,35650.95
2018-06-08,28.95,29.36,29.21,28.8,26206.58,0.08,0.28,29.076,28.689,28.852,35283.19,35527.44,35497.42
2018-06-07,29.35,29.49,29.14,28.8,29180.58,-0.2,-0.68,28.858,28.632,28.851,38233.06,36928.59,35673.32
2018-06-06,29.44,29.7,29.35,29.11,27941.5,0.01,0.03,28.74,28.631,28.869,38716.57,37661.72,35351.61
2018-06-05,28.3,29.36,29.33,28.28,50916.87,1.01,3.57,28.446,28.583,28.864,39841.92,39815.53,35174.15
2018-06-04,28.06,28.56,28.35,27.3,42170.4,0.24,0.85,28.282,28.542,28.863,37780.19,38345.74,34710.64
2018-06-01,28.21,28.88,28.12,28.01,40955.95,0.03,0.11,28.302,28.557,28.911,35771.69,37869.13,34747.52
2018-05-31,28.2,28.76,28.55,27.96,31598.11,0.72,2.59,28.406,28.623,28.94,35624.12,36328.97,34149.48
2018-05-30,28.29,28.65,27.88,27.71,33568.27,-0.61,-2.14,28.522,28.638,28.924,36606.88,36758.6,33948.6
2018-05-29,28.35,29.45,28.51,28.35,40608.22,0.06,0.21,28.72,28.807,28.932,39789.14,36917.8,34258.77
2018-05-28,28.68,28.84,28.45,28.06,32127.88,-0.16,-0.56,28.802,28.926,28.927,38911.3,36044.69,34166.24
2018-05-25,29.27,29.27,28.64,28.45,40218.11,-0.49,-1.68,28.812,29.014,28.908,39966.58,35467.41,34392.55
2018-05-24,28.91,29.41,29.13,28.76,36511.9,0.26,0.9,28.84,29.07,28.888,37033.81,34418.05,34382.26
2018-05-23,28.86,29.4,28.87,28.82,49479.59,-0.07,-0.24,28.754,29.107,28.843,36910.32,33041.5,35892.47
2018-05-22,28.45,29.0,28.92,28.36,36219.0,0.43,1.51,28.894,29.145,28.713,34046.47,30532.76,37525.56
2018-05-21,29.0,29.16,28.5,28.45,37404.31,-0.25,-0.87,29.05,29.183,28.642,33178.08,31075.53,37383.28
2018-05-18,28.73,29.0,28.78,28.45,25554.27,0.01,0.04,29.216,29.264,28.661,30968.23,31625.9,36815.34
2018-05-17,29.53,29.69,28.7,28.6,35894.45,-0.87,-2.94,29.3,29.257,28.655,31802.29,31970.0,37177.97
2018-05-16,29.61,29.88,29.57,29.41,35160.31,-0.12,-0.4,29.46,29.21,28.653,29172.68,31138.6,37549.85
2018-05-15,29.37,29.75,29.7,29.22,31877.07,0.38,1.3,29.396,29.056,28.614,27019.06,31599.73,37885.64
2018-05-14,29.34,29.41,29.33,28.85,26355.06,0.12,0.41,29.316,28.927,28.575,28972.98,32287.79,39900.91
2018-05-11,29.58,29.95,29.2,28.83,29724.56,-0.3,-1.02,29.312,28.801,28.604,32283.56,33317.68,42210.23
2018-05-10,29.41,29.53,29.5,29.23,22746.38,0.26,0.89,29.214,28.705,28.666,32137.7,34346.47,51847.19
2018-05-09,29.25,29.4,29.25,28.94,24392.21,0.07,0.24,28.96,28.578,28.775,33104.53,38743.44,53697.1
2018-05-08,29.36,29.84,29.3,29.16,41646.71,0.01,0.03,28.716,28.281,28.894,36180.4,44518.35,57343.89
2018-05-07,28.82,29.58,29.31,28.55,42907.94,0.61,2.12,28.538,28.101,28.966,35602.59,43691.02,60313.65
2018-05-04,28.22,28.9,28.71,28.1,28995.27,0.49,1.74,28.29,28.058,29.048,34351.81,42004.79,61381.64
2018-05-03,28.04,28.27,28.23,27.74,27580.51,0.19,0.68,28.196,28.053,29.141,36555.24,42385.94,63547.54
2018-05-02,28.41,28.65,28.03,27.65,39771.57,-0.38,-1.34,28.196,28.095,29.259,44382.35,43961.09,65015.5
2018-04-27,28.25,28.87,28.41,28.1,38757.66,0.35,1.25,27.846,28.171,29.331,52856.3,44171.55,65348.06
2018-04-26,28.18,29.12,28.07,28.01,36654.03,-0.16,-0.57,27.664,28.222,29.395,51779.46,47514.03,66264.39
2018-04-25,28.02,28.45,28.24,27.91,40012.43,0.02,0.07,27.826,28.406,29.497,49657.76,51102.77,68028.22
2018-04-24,26.32,28.66,28.23,26.32,66716.06,1.94,7.38,27.91,28.626,29.574,48216.63,69347.92,69032.46
2018-04-23,27.6,27.75,26.28,25.97,82141.32,-1.17,-4.26,27.994,28.971,29.634,43539.84,68650.77,68903.43
2018-04-20,28.85,28.85,27.5,27.4,33373.45,-1.38,-4.78,28.496,29.507,29.825,35486.8,70169.43,66939.81
2018-04-19,28.46,28.93,28.88,28.46,26045.56,0.2,0.7,28.78,29.83,29.976,43248.61,76936.28,67697.68
2018-04-18,28.88,28.92,28.66,27.75,32806.76,0.05,0.17,28.986,30.038,30.067,52547.77,80758.49,68889.54
2018-04-17,28.79,29.05,28.65,28.5,43332.1,-0.15,-0.52,29.342,30.228,30.167,90479.2,84709.15,69532.86
2018-04-16,28.92,29.27,28.79,28.49,41876.15,-0.13,-0.45,29.948,30.422,30.22,93761.69,86069.9,69102.38
2018-04-13,30.01,30.18,28.92,28.88,72182.48,-0.94,-3.15,30.518,30.491,30.263,104852.05,86524.56,68588.61
2018-04-12,29.92,30.2,29.91,29.73,72541.35,-0.53,-1.74,30.88,30.568,30.32,110623.94,85014.75,66878.55
2018-04-11,30.85,30.86,30.44,29.37,222463.94,-1.23,-3.88,31.09,30.587,30.358,108969.21,84953.68,65170.52
2018-04-10,31.75,31.79,31.68,31.24,59744.54,0.05,0.16,31.114,30.521,30.381,78939.1,68717.0,57482.0
2018-04-09,30.74,31.8,31.64,30.74,97327.94,0.86,2.79,30.896,30.296,30.308,78378.11,69156.1,58511.81
2018-04-04,31.23,31.78,30.73,30.68,101041.94,-0.26,-0.84,30.464,30.142,30.209,68197.07,63710.19,55462.71
2018-04-03,30.37,31.11,30.96,30.23,64267.7,0.39,1.28,30.256,30.122,30.136,59405.56,58459.09,52007.86
2018-04-02,30.58,31.09,30.56,30.3,72313.4,-0.04,-0.13,30.084,30.096,30.078,60938.14,57020.58,51233.82
2018-03-30,29.68,30.68,30.59,29.53,56939.55,1.13,3.84,29.928,30.105,30.032,58494.89,54356.56,49610.2
2018-03-29,29.82,30.14,29.48,29.45,46422.77,-0.2,-0.67,29.696,30.017,29.987,59934.09,52134.86,49845.72
2018-03-28,29.69,30.69,29.69,29.5,57084.38,-0.44,-1.46,29.82,30.034,29.974,59223.31,50652.66,49037.37
2018-03-27,30.1,30.57,30.1,29.8,71930.62,0.33,1.11,29.988,30.072,29.948,57512.62,48742.34,48412.88
2018-03-26,29.08,30.09,29.78,29.01,60097.15,0.33,1.12,30.108,30.128,29.923,53103.02,45387.36,47640.42
2018-03-23,29.2,29.98,29.43,28.0,64135.54,-0.69,-2.29,30.282,30.24,29.925,50218.22,46247.01,47853.24
2018-03-22,30.53,30.8,30.1,29.85,42868.88,-0.42,-1.38,30.338,30.319,29.925,44335.63,47867.51,47971.35
2018-03-21,30.8,31.09,30.53,30.42,48530.92,-0.18,-0.59,30.248,30.275,29.872,42082.01,47215.22,48025.5
2018-03-20,30.48,31.06,30.7,30.34,49882.61,0.05,0.16,30.156,30.149,29.787,39972.06,45556.64,47388.88
2018-03-19,29.78,30.69,30.65,29.56,45673.15,0.94,3.16,30.148,30.06,29.697,37671.7,45447.06,48284.4
2018-03-16,29.7,30.05,29.71,29.5,34722.61,0.04,0.14,30.198,29.958,29.554,42275.8,44863.84,47633.67
2018-03-15,30.19,30.29,29.65,29.56,31600.74,-0.44,-1.46,30.3,29.956,29.434,51399.39,47556.57,48424.6
2018-03-14,30.75,30.75,30.07,29.92,37981.18,-0.6,-1.96,30.302,29.913,29.369,52348.43,47422.09,49022.69
2018-03-13,30.9,31.09,30.66,30.61,38380.84,-0.27,-0.87,30.142,29.823,29.243,51141.22,48083.42,49206.59
2018-03-12,30.13,31.17,30.9,30.13,68693.61,0.66,2.18,29.972,29.717,29.077,53222.41,49893.48,50310.57
2018-03-09,29.7,30.55,30.22,29.6,80340.59,0.53,1.78,29.718,29.609,28.909,47451.88,49459.47,49348.3
2018-03-08,29.21,29.78,29.66,28.98,36345.94,0.42,1.44,29.612,29.531,28.811,43713.76,48075.19,47993.36
2018-03-07,29.8,29.8,29.27,29.21,31945.1,-0.54,-1.81,29.524,29.468,28.741,42495.74,48835.79,48463.91
2018-03-06,29.6,29.88,29.81,29.13,48786.83,0.17,0.57,29.504,29.424,28.712,45025.61,49221.12,51133.71
2018-03-05,29.6,30.06,29.63,29.31,39840.95,-0.04,-0.14,29.462,29.334,28.641,46564.54,51121.75,55016.23
2018-03-02,29.1,30.09,29.69,28.88,61649.96,0.45,1.54,29.5,29.149,28.473,51467.06,50403.5,55401.72
2018-03-01,28.95,29.33,29.22,28.82,30255.86,0.03,0.1,29.45,28.912,28.339,52436.62,49292.62,54164.07
2018-02-28,29.37,29.59,29.17,29.0,44594.47,-0.41,-1.39,29.412,28.824,28.221,55175.84,50623.29,55243.46
2018-02-27,29.72,29.88,29.6,29.09,56481.44,-0.22,-0.74,29.344,28.663,28.116,53416.63,50329.76,55005.61
2018-02-26,29.45,29.88,29.82,29.33,64353.55,0.38,1.29,29.206,28.436,28.004,55678.96,50727.67,54361.47
2018-02-23,29.02,29.96,29.44,28.85,66497.8,0.43,1.48,28.798,28.209,27.902,49339.95,49237.14,54567.75
2018-02-22,28.89,29.14,29.03,28.39,43951.94,0.2,0.69,28.374,28.091,27.757,46148.61,47911.53,54076.03
2018-02-14,28.86,29.18,28.83,28.55,35798.43,-0.04,-0.14,28.236,28.014,27.653,46070.74,48092.03,53583.54
2018-02-13,28.0,29.2,28.91,27.74,67793.09,1.17,4.22,27.982,27.999,27.567,47242.9,53046.29,53988.44
2018-02-12,27.52,28.02,27.78,27.06,32658.5,0.4,1.46,27.666,27.948,27.49,45776.38,58910.72,52337.65
2018-02-09,27.85,28.0,27.32,26.68,50541.1,-1.03,-3.63,27.62,27.797,27.451,49134.32,60399.94,53187.03
2018-02-08,27.35,28.46,28.34,27.23,43562.59,0.77,2.79,27.808,27.765,27.494,49674.45,59035.53,51748.72
2018-02-07,27.83,27.98,27.56,27.05,41659.2,0.12,0.44,27.792,27.617,27.489,50113.32,59863.64,51031.12
2018-02-06,26.99,27.86,27.33,26.67,60460.53,-0.15,-0.55,28.016,27.568,27.512,58849.68,59681.45,50680.62
2018-02-05,27.77,27.98,27.55,27.01,49448.2,-0.67,-2.37,28.23,27.571,27.573,72045.06,57995.26,49073.08
2018-02-02,28.27,28.76,28.26,28.0,53241.73,0.02,0.07,27.974,27.595,27.639,71665.55,59898.35,49105.81
2018-02-01,28.35,28.75,28.26,27.71,45756.96,-0.42,-1.46,27.722,27.422,27.632,68396.6,60240.54,48661.41
2018-01-31,28.2,28.86,28.68,27.84,85340.98,0.27,0.95,27.442,27.292,27.65,69613.95,59075.04,48285.68
2018-01-30,26.63,28.88,28.4,26.6,126437.41,2.14,8.15,27.12,27.134,27.666,60513.22,54930.59,47352.09
2018-01-29,27.04,27.04,26.27,26.1,47550.67,-0.72,-2.67,26.912,27.031,27.652,43945.47,45764.57,43195.72
2018-01-26,26.9,27.09,27.0,26.9,36897.0,0.08,0.3,27.216,27.105,27.728,48131.16,45974.13,42893.07
2018-01-25,27.05,27.36,26.86,26.82,51843.67,-0.21,-0.78,27.122,27.222,27.759,52084.47,44461.91,42984.93
2018-01-24,27.26,27.26,27.07,27.0,39837.35,-0.28,-1.02,27.142,27.361,27.795,48536.14,42198.6,41963.22
2018-01-23,27.77,27.77,27.36,27.17,43598.65,-0.43,-1.55,27.148,27.456,27.828,49347.97,41679.8,42148.5
2018-01-22,26.52,27.89,27.79,26.3,68479.11,1.26,4.75,27.15,27.575,27.833,47583.68,40150.91,41912.03
2018-01-19,26.98,27.11,26.53,26.38,56663.55,-0.45,-1.67,26.994,27.682,27.809,43817.1,38313.26,41832.93
2018-01-18,27.11,27.4,26.96,26.94,34102.05,-0.14,-0.52,27.322,27.841,27.822,36839.36,37082.28,42743.09
2018-01-17,27.29,27.74,27.1,27.07,43896.47,-0.27,-0.99,27.58,28.007,27.778,35861.06,37496.31,42418.29
2018-01-16,27.01,27.49,27.37,26.88,34777.21,0.36,1.33,27.764,28.197,27.726,34011.63,39773.58,42502.8
2018-01-15,28.1,28.2,27.01,26.89,49646.24,-1.18,-4.19,28.0,28.273,27.626,32718.14,40626.86,42147.99
2018-01-12,28.25,28.31,28.17,28.02,21774.83,-0.09,-0.32,28.37,28.35,27.543,32809.41,39812.02,41275.44
2018-01-11,28.2,28.37,28.25,28.07,29210.56,0.25,0.89,28.36,28.296,27.421,37325.2,41507.96,41531.22
2018-01-10,28.47,28.63,28.02,27.92,34649.3,-0.51,-1.79,28.434,28.229,27.309,39131.56,41727.84,40955.24
2018-01-09,28.54,28.96,28.55,28.46,28309.75,-0.29,-1.01,28.63,28.2,27.193,45535.53,42617.21,39932.58
2018-01-08,28.02,28.91,28.86,28.02,50102.61,0.74,2.63,28.546,28.09,27.068,48535.58,43673.15,40085.1
2018-01-05,28.55,28.55,28.12,28.06,44353.79,-0.49,-1.71,28.33,27.935,26.911,46814.62,45352.59,38732.63
2018-01-04,28.9,28.94,28.62,28.38,38242.37,-0.32,-1.11,28.232,27.803,26.779,45690.71,48403.91,37803.02
2018-01-03,28.2,29.09,29.0,27.94,66669.14,0.87,3.09,28.024,27.549,26.637,44324.11,47340.27,37124.61
2018-01-02,27.79,28.25,28.13,27.69,43310.0,0.33,1.19,27.77,27.254,26.485,39698.89,45232.03,35431.25
2017-12-29,27.53,27.92,27.78,27.24,41497.81,0.14,0.51,27.634,26.979,26.402,38810.71,43669.12,34358.77
2017-12-28,27.66,27.74,27.63,27.37,38734.22,0.04,0.14,27.54,26.735,26.347,43890.57,42738.87,33439.76
2017-12-27,27.74,27.84,27.58,27.46,31409.37,-0.14,-0.51,27.374,26.546,26.29,51117.11,41554.48,32578.87
2017-12-26,27.45,27.88,27.73,27.22,43543.04,0.28,1.02,27.074,26.389,26.245,50356.44,40182.65,32763.81
2017-12-25,27.32,27.58,27.45,26.98,38869.11,0.12,0.44,26.738,26.186,26.212,50765.17,37247.95,31673.4
2017-12-22,26.73,27.69,27.31,26.61,66897.09,0.56,2.09,26.324,26.046,26.192,48527.52,36497.05,31264.01
2017-12-21,26.09,27.3,26.8,25.93,74866.93,0.72,2.76,25.93,25.886,26.161,41587.17,32112.66,30031.06
2017-12-20,26.06,26.12,26.08,25.8,27606.03,0.01,0.04,25.718,25.755,26.173,31991.86,27202.14,27927.45
2017-12-19,25.35,26.19,26.05,25.35,45586.68,0.67,2.64,25.704,25.725,26.227,30008.86,26908.95,28316.6
2017-12-18,25.33,25.56,25.38,25.28,27680.89,0.02,0.08,25.634,25.715,26.303,23730.73,25630.48,27748.66
2017-12-15,25.77,25.79,25.34,25.21,32195.33,-0.42,-1.63,25.768,25.824,26.393,24466.58,25048.43,28140.57
2017-12-14,26.15,26.15,25.74,25.58,26890.37,-0.25,-0.96,25.842,25.958,26.485,22638.15,24140.64,28237.43
2017-12-13,25.71,26.05,26.01,25.63,17691.05,0.31,1.21,25.792,26.034,26.599,22412.41,23603.26,28389.95
2017-12-12,25.89,26.06,25.7,25.68,14196.0,-0.34,-1.31,25.746,26.1,26.699,23809.04,25344.96,28819.89
2017-12-11,25.74,26.18,26.05,25.67,31360.13,0.33,1.28,25.796,26.238,26.807,27530.23,26098.85,29946.83
2017-12-08,25.41,25.85,25.71,25.41,23053.18,0.19,0.74,25.88,26.338,26.916,25630.29,26030.97,29871.49
2017-12-07,25.61,25.79,25.49,25.4,25761.7,-0.25,-0.97,26.074,26.436,27.048,25643.14,27949.46,30199.53
2017-12-06,25.94,26.17,25.78,25.44,24674.2,-0.15,-0.58,26.276,26.59,27.197,24794.1,28652.76,30171.9
2017-12-05,26.48,26.65,25.95,25.64,32801.93,-0.52,-1.96,26.454,26.728,27.323,26880.88,29724.24,30624.78
2017-12-04,26.67,26.79,26.47,26.46,21860.43,-0.22,-0.82,26.68,26.891,27.434,24667.47,29866.84,30631.41
2017-12-01,26.65,26.93,26.68,26.5,23117.44,0.18,0.68,26.796,26.961,27.528,26431.64,31232.72,31821.96
2017-11-30,26.57,26.81,26.5,26.41,21516.5,-0.22,-0.82,26.798,27.011,27.588,30255.77,32334.22,32526.52
2017-11-29,27.09,27.14,26.67,26.26,35108.09,-0.4,-1.48,26.904,27.163,27.659,32511.42,33176.65,34576.31
2017-11-28,26.99,27.17,27.08,26.76,21734.91,0.02,0.07,27.002,27.298,27.764,32567.6,32294.82,36807.47
2017-11-27,26.7,27.24,27.05,26.51,30681.28,0.34,1.27,27.102,27.375,27.889,35066.21,33794.81,37775.42
2017-11-24,26.98,27.0,26.69,26.4,42238.09,-0.33,-1.22,27.126,27.494,28.034,36033.79,33712.01,39560.16
2017-11-23,27.2,27.22,27.03,27.0,32794.71,-0.13,-0.48,27.224,27.659,28.221,34412.66,32449.59,39785.49
2017-11-22,27.6,27.69,27.16,26.98,35389.0,-0.42,-1.52,27.422,27.804,28.392,33841.88,31691.04,40613.59
2017-11-21,27.14,27.65,27.58,26.91,34227.99,0.43,1.58,27.594,27.918,28.56,32022.03,31525.32,40725.63
2017-11-20,27.15,27.3,27.17,26.64,35519.15,0.0,0.0,27.648,27.976,28.708,32523.4,31395.98,40486.04
2017-11-17,27.93,28.09,27.18,27.16,34132.43,-0.81,-2.89,27.862,28.095,28.872,31390.22,32411.21,40907.61
2017-11-16,28.0,28.23,28.02,27.92,29940.85,0.01,0.04,28.094,28.164,29.017,30486.53,32718.82,40650.4
2017-11-15,27.95,28.17,28.02,27.82,26289.74,0.16,0.57,28.186,28.155,29.128,29540.19,35975.97,40705.22
2017-11-14,28.28,28.28,27.85,27.83,36734.83,-0.43,-1.52,28.242,28.23,29.245,31028.6,41320.12,40873.49
2017-11-13,28.35,28.65,28.24,28.16,29853.26,-0.1,-0.35,28.304,28.402,29.359,30268.56,41756.03,40375.69
2017-11-10,28.48,28.56,28.34,28.25,29613.97,-0.14,-0.49,28.328,28.574,29.475,33432.2,45408.32,40107.18
2017-11-09,28.31,28.53,28.48,28.15,25209.13,0.18,0.64,28.234,28.782,29.597,34951.11,47121.4,40304.52
2017-11-08,28.14,28.55,28.3,28.13,33731.83,0.14,0.5,28.124,28.98,29.712,42411.75,49536.14,40905.17
2017-11-07,28.3,28.34,28.16,28.08,32934.63,-0.2,-0.7,28.218,29.201,29.846,51611.64,49925.94,44238.89
2017-11-06,27.95,28.54,28.36,27.88,45671.44,0.49,1.76,28.5,29.439,29.966,53243.5,49576.11,45292.68
2017-11-03,27.95,28.15,27.87,27.78,37208.54,-0.06,-0.21,28.82,29.648,30.056,57384.43,49404.0,44574.84
2017-11-02,28.79,28.79,27.93,27.78,62512.29,-0.84,-2.92,29.33,29.87,30.154,59291.68,48581.98,44229.4
2017-11-01,29.48,29.62,28.77,28.74,79731.31,-0.8,-2.71,29.836,30.101,30.242,56660.53,45434.48,42319.07
2017-10-31,29.92,29.98,29.57,29.31,41093.92,-0.39,-1.3,30.184,30.26,30.281,48240.24,40426.85,39634.72
2017-10-30,30.49,30.49,29.96,29.29,66376.09,-0.46,-1.51,30.378,30.316,30.28,45908.71,38995.36,40681.66
2017-10-27,30.58,30.66,30.42,30.23,46744.77,-0.04,-0.13,30.476,30.376,30.299,41423.57,34806.04,39205.34
2017-10-26,30.45,30.82,30.46,30.34,49356.58,-0.05,-0.16,30.41,30.411,30.304,37872.28,33487.65,38348.13
2017-10-25,30.59,30.65,30.51,30.3,37629.83,-0.03,-0.1,30.366,30.444,30.317,34208.42,32274.21,36917.79
2017-10-24,30.43,30.65,30.54,30.22,29436.28,0.09,0.3,30.336,30.491,30.336,32613.46,38551.84,36153.46
2017-10-23,30.09,30.65,30.45,29.95,43950.4,0.36,1.2,30.254,30.493,30.345,32082.0,41009.26,35931.03
2017-10-20,30.2,30.27,30.09,29.91,28988.32,-0.15,-0.5,30.276,30.463,30.362,28188.51,39745.68,35073.2
2017-10-19,30.3,30.75,30.24,30.18,31037.29,-0.12,-0.4,30.412,30.437,30.39,29103.01,39876.82,34834.61
2017-10-18,30.01,30.45,30.36,30.01,29655.0,0.23,0.76,30.522,30.382,30.424,30339.99,39203.67,34680.63
2017-10-17,30.56,30.59,30.13,30.03,26778.99,-0.43,-1.41,30.646,30.301,30.451,44490.21,38842.59,34678.27
2017-10-16,30.6,30.8,30.56,30.28,24482.94,-0.21,-0.68,30.732,30.244,30.484,49936.53,42367.97,35140.68
2017-10-13,30.7,30.91,30.77,30.41,33560.84,-0.02,-0.07,30.65,30.222,30.507,51302.84,43604.63,35752.79
2017-10-12,31.02,31.16,30.79,30.56,37222.19,-0.19,-0.61,30.462,30.196,30.529,50650.63,43208.61,35450.46
2017-10-11,30.75,31.12,30.98,30.61,100406.1,0.42,1.37,30.242,30.189,30.56,48067.35,41561.37,34795.8
2017-10-10,30.19,30.63,30.56,30.13,54010.57,0.41,1.36,29.956,30.18,30.59,33194.96,33755.09,31733.49
2017-10-09,30.01,30.22,30.15,29.95,31314.51,0.32,1.07,29.756,30.196,30.632,34799.41,30852.79,31457.66
2017-09-29,29.78,30.02,29.83,29.7,30299.76,0.14,0.47,29.794,30.26,30.68,35906.42,30400.72,32072.42
2017-09-28,29.61,29.83,29.69,29.55,24305.8,0.14,0.47,29.93,30.343,30.738,35766.6,29792.41,33328.04
2017-09-27,29.56,29.87,29.55,29.46,26044.16,-0.01,-0.03,30.136,30.466,30.813,35055.39,30157.58,33839.88
2017-09-26,30.28,30.43,29.56,29.35,62032.83,-0.78,-2.57,30.404,30.601,30.891,34315.22,30513.95,34807.57
2017-09-25,30.51,30.69,30.34,30.16,36849.56,-0.17,-0.56,30.636,30.724,30.991,26906.18,27913.4,33734.38
2017-09-22,30.71,30.76,30.51,30.31,29600.64,-0.21,-0.68,30.726,30.791,31.06,24895.01,27900.94,34288.8
2017-09-21,30.88,30.88,30.72,30.65,20749.77,-0.17,-0.55,30.756,30.861,31.121,23818.22,27692.32,33999.38
2017-09-20,30.58,30.98,30.89,30.58,22343.28,0.17,0.55,30.796,30.93,31.166,25259.77,28030.22,35151.35
2017-09-19,30.77,30.91,30.72,30.67,24987.63,-0.07,-0.23,30.798,31.0,31.229,26712.69,29711.89,37146.76
2017-09-18,30.66,30.88,30.79,30.62,26793.72,0.13,0.42,30.812,31.068,31.349,28920.62,32062.53,40104.82
2017-09-15,31.0,31.05,30.66,30.61,24216.69,-0.26,-0.84,30.856,31.099,31.41,30906.87,33744.13,39996.71
2017-09-14,30.99,31.05,30.92,30.82,27957.54,0.02,0.07,30.966,31.132,31.471,31566.41,36863.67,40404.54
2017-09-13,30.81,31.03,30.9,30.73,29607.85,0.11,0.36,31.064,31.159,31.516,30800.67,37522.17,40869.65
2017-09-12,31.08,31.17,30.79,30.71,36027.3,-0.22,-0.71,31.202,31.181,31.539,32711.09,39101.19,40399.74
2017-09-11,31.24,31.29,31.01,30.97,36724.96,-0.2,-0.64,31.324,31.257,31.571,35204.45,39555.36,39998.84
2017-09-08,31.42,31.52,31.21,31.08,27514.42,-0.2,-0.64,31.342,31.329,31.607,36581.39,40676.67,40327.15
2017-09-07,31.6,31.66,31.41,31.36,24128.82,-0.18,-0.57,31.298,31.38,31.625,42160.92,40306.44,41749.53
2017-09-06,31.37,31.6,31.59,31.25,39159.95,0.19,0.6,31.254,31.401,31.604,44243.67,42272.48,41996.14
2017-09-05,31.15,31.63,31.4,31.1,48494.09,0.3,0.96,31.16,31.458,31.584,45491.28,44581.64,42224.3
2017-09-04,31.03,31.24,31.1,30.78,43609.68,0.11,0.35,31.19,31.629,31.568,43906.28,48147.11,41678.41
2017-09-01,31.2,31.35,30.99,30.8,55412.04,-0.2,-0.64,31.316,31.721,31.543,44771.94,46249.28,41653.14
2017-08-31,31.15,31.32,31.19,31.06,34542.61,0.07,0.23,31.462,31.81,31.529,38451.97,43945.41,40207.27
2017-08-30,31.55,31.67,31.12,31.01,45398.0,-0.43,-1.36,31.548,31.872,31.505,40301.28,44217.13,39805.02
2017-08-29,31.72,31.78,31.55,31.4,40569.05,-0.18,-0.57,31.756,31.896,31.493,43672.0,41698.29,38911.21
2017-08-28,31.72,31.83,31.73,31.53,47938.01,0.01,0.03,32.068,31.884,31.47,52387.95,40442.32,38568.14
2017-08-25,31.4,31.77,31.72,31.4,23812.16,0.1,0.32,32.126,31.885,31.43,47726.62,39977.64,37846.42
2017-08-24,32.2,32.2,31.62,31.44,43789.2,-0.54,-1.68,32.158,31.87,31.394,49438.85,43192.62,38340.95
2017-08-23,32.13,32.4,32.16,32.0,62251.56,-0.95,-2.87,32.196,31.806,31.362,48132.97,41719.8,38160.69
2017-08-22,32.2,33.18,33.11,31.92,84148.83,1.09,3.4,32.036,31.709,31.307,39724.58,39866.95,36193.97
2017-08-21,31.85,32.43,32.02,31.75,24631.37,0.14,0.44,31.7,31.506,31.217,28496.69,35209.71,33742.6
2017-08-18,31.8,31.99,31.88,31.54,32373.28,0.07,0.22,31.644,31.365,31.18,32228.66,37057.01,35253.58
2017-08-17,31.37,32.14,31.81,31.37,37259.81,0.45,1.44,31.582,31.247,31.157,36946.39,36469.13,35304.63
2017-08-16,31.49,31.49,31.36,31.22,20209.62,-0.07,-0.22,31.416,31.137,31.141,35306.63,35392.9,35570.77
2017-08-15,31.6,31.72,31.43,31.16,28009.38,-0.31,-0.98,31.382,31.09,31.155,40009.33,36124.14,37144.32
2017-08-14,31.45,31.89,31.74,31.41,43291.21,0.17,0.54,31.312,31.055,31.176,41922.74,36693.95,37764.76
2017-08-11,30.61,31.86,31.57,30.61,55961.91,0.59,1.9,31.086,30.974,31.174,41885.35,35715.2,39274.29
2017-08-10,31.28,31.28,30.98,30.71,29061.01,-0.21,-0.67,30.912,30.918,31.198,35991.86,33489.29,39002.0
2017-08-09,31.14,31.29,31.19,31.0,43723.12,0.11,0.35,30.858,30.918,31.261,35479.18,34601.58,44573.77
2017-08-08,30.56,31.25,31.08,30.53,37576.43,0.47,1.53,30.798,30.905,31.243,32238.95,32520.98,47787.97
2017-08-07,30.76,30.82,30.61,30.45,43104.29,-0.09,-0.29,30.798,30.928,31.245,31465.17,32275.48,53688.95
2017-08-04,30.71,30.98,30.7,30.55,26494.47,-0.01,-0.03,30.862,30.995,31.303,29545.05,33450.16,63788.27
2017-08-03,30.55,30.87,30.71,30.55,26497.59,-0.18,-0.58,30.924,31.067,31.524,30986.72,34140.13,64458.26
2017-08-02,31.16,31.29,30.89,30.78,27521.97,-0.19,-0.61,30.978,31.144,31.754,33723.99,35748.63,66057.73
2017-08-01,30.93,31.23,31.08,30.8,33707.52,0.15,0.48,31.012,31.219,31.988,32803.01,38164.5,67124.62
2017-07-31,31.0,31.1,30.93,30.74,33503.68,-0.08,-0.26,31.058,31.297,32.206,33085.79,38835.58,67728.28
2017-07-28,30.9,31.19,31.01,30.9,33702.83,0.03,0.1,31.128,31.373,32.461,37355.27,42833.38,68351.12
2017-07-27,31.0,31.21,30.98,30.59,40183.94,-0.08,-0.26,31.21,31.478,32.723,37293.54,44514.71,68424.96
2017-07-26,31.27,31.46,31.06,30.97,22917.09,-0.25,-0.8,31.31,31.604,32.976,37773.27,54545.96,67788.16
2017-07-25,31.27,31.65,31.31,31.11,35121.42,0.03,0.1,31.426,31.581,33.229,43525.98,63054.97,68305.03
2017-07-24,31.44,31.44,31.28,30.99,54851.07,-0.14,-0.45,31.536,31.561,33.487,44585.36,75102.41,68648.04
2017-07-21,31.35,31.68,31.42,31.12,33394.19,-0.06,-0.19,31.618,31.61,33.742,48311.49,94126.39,70505.34
2017-07-20,31.59,31.68,31.48,31.4,42582.57,-0.16,-0.51,31.746,31.98,33.966,51735.87,94776.38,71174.03
2017-07-19,31.6,31.8,31.64,31.44,51680.67,-0.22,-0.69,31.898,32.363,34.16,71318.64,96366.83,71895.81
2017-07-18,31.3,32.05,31.86,31.26,40418.3,0.17,0.54,31.736,32.757,34.367,82583.95,96084.75,72698.35
2017-07-17,32.02,32.48,31.69,30.36,73481.72,-0.37,-1.15,31.586,33.115,34.519,105619.47,96620.98,72921.11
2017-07-14,32.01,32.13,32.06,31.74,50516.08,-0.18,-0.56,31.602,33.549,34.676,139941.29,93868.87,70916.25
2017-07-13,31.24,32.75,32.24,31.24,140496.45,1.41,4.57,32.214,33.967,34.799,137816.9,92335.21,70666.36
2017-07-12,31.13,31.41,30.83,30.3,108007.2,-0.28,-0.9,32.828,34.347,34.945,121415.01,81030.36,65718.35
2017-07-11,31.55,31.95,31.11,31.04,155595.88,-0.66,-2.08,33.778,34.876,35.135,109585.55,73555.1,63355.46
2017-07-10,35.18,35.18,31.77,31.61,245090.84,-3.35,-9.54,34.644,35.412,35.367,87622.49,62193.67,58028.49
2017-07-07,35.15,35.25,35.12,34.95,39894.11,-0.19,-0.54,35.496,35.874,35.574,47796.45,46884.29,49502.82
2017-07-06,35.4,35.58,35.31,34.96,58487.0,-0.27,-0.76,35.72,35.952,35.577,46853.53,47571.67,50369.61
2017-07-05,35.3,35.71,35.58,35.15,48859.9,0.14,0.4,35.866,35.956,35.578,40645.71,47424.79,49662.38
2017-07-04,35.95,35.95,35.44,35.28,45780.62,-0.59,-1.64,35.974,35.977,35.537,37524.65,49311.96,50789.97
2017-07-03,36.27,36.6,36.03,35.79,45960.6,-0.21,-0.58,36.18,35.923,35.49,36764.84,49221.23,50381.24
2017-06-30,35.88,36.28,36.24,35.73,35179.54,0.2,0.56,36.252,35.802,35.385,45972.14,47963.62,50449.31
2017-06-29,35.99,36.48,36.04,35.95,27447.89,-0.08,-0.22,36.184,35.631,35.297,48289.8,48997.5,50665.99
2017-06-28,36.5,36.5,36.12,36.04,33254.58,-0.35,-0.96,36.046,35.542,35.242,54203.86,50406.33,51745.33
2017-06-27,36.39,36.69,36.47,36.12,41981.59,0.08,0.22,35.98,35.393,35.185,61099.26,53155.82,53083.93
2017-06-26,35.99,36.9,36.39,35.88,91997.09,0.49,1.36,35.666,35.321,35.136,61677.63,53863.32,52991.61
2017-06-23,35.3,35.95,35.9,34.75,46767.87,0.55,1.56,35.352,35.274,35.106,49955.11,52121.34,50883.95
2017-06-22,35.76,35.95,35.35,35.19,57018.18,-0.44,-1.23,35.078,35.201,35.09,49705.2,53167.56,51024.55
2017-06-21,35.0,35.91,35.79,34.9,67731.59,0.89,2.55,35.038,35.2,35.119,46608.81,51899.97,52817.65
2017-06-20,34.71,35.38,34.9,34.71,44873.4,0.08,0.23,34.806,35.096,35.079,45212.37,52267.98,51834.24
2017-06-19,34.67,34.88,34.82,34.46,33384.49,0.29,0.84,34.976,35.057,35.115,46049.01,51541.25,51347.93
2017-06-16,35.12,35.14,34.53,34.45,45518.34,-0.62,-1.76,35.196,34.968,35.152,54287.58,52935.01,51332.94
2017-06-15,34.7,35.16,35.15,34.46,41536.21,0.52,1.5,35.324,34.963,35.191,56629.91,52334.48,51704.57
2017-06-14,35.64,35.96,34.63,34.57,60749.41,-1.12,-3.13,35.362,34.942,35.236,57191.13,53084.33,51903.06
2017-06-13,35.8,36.1,35.75,35.5,49056.62,-0.17,-0.47,35.386,34.976,35.285,59323.59,53012.04,51063.3
2017-06-12,35.0,36.18,35.92,34.72,74577.31,0.75,2.13,35.138,34.95,35.245,57033.49,52119.91,50310.42
2017-06-09,35.3,35.78,35.17,34.96,57230.02,-0.17,-0.48,34.74,34.938,35.199,51582.43,49646.57,48741.05
2017-06-08,34.85,35.35,35.34,34.55,44342.3,0.59,1.7,34.602,34.978,35.167,48039.05,48881.54,47512.81
2017-06-07,34.7,35.01,34.75,34.51,71411.71,0.24,0.69,34.522,35.037,35.124,48977.53,53735.33,46873.54
2017-06-06,34.0,34.52,34.51,33.93,37606.13,0.58,1.71,34.566,35.061,35.128,46700.49,51400.51,45709.39
2017-06-05,34.35,34.68,33.93,33.8,47322.01,-0.55,-1.59,34.762,35.172,35.147,47206.32,51154.61,46338.56
2017-06-02,34.88,34.9,34.48,34.2,39513.09,-0.46,-1.32,35.136,35.335,35.219,47710.7,49730.87,46261.36
2017-06-01,34.88,35.17,34.94,34.3,49034.71,-0.03,-0.09,35.354,35.419,35.262,49724.03,51074.65,46486.93
2017-05-31,35.6,35.79,34.97,34.5,60026.5,-0.52,-1.47,35.552,35.53,35.3,58493.12,50721.78,46183.59
2017-05-26,35.9,35.99,35.49,35.22,40135.29,-0.31,-0.87,35.556,35.593,35.348,56100.53,49114.55,46589.05
2017-05-25,35.64,36.2,35.8,35.49,49843.89,0.23,0.65,35.582,35.54,35.396,55102.9,48500.94,50194.87
2017-05-24,35.61,36.0,35.57,35.0,49579.74,-0.36,-1.0,35.534,35.46,35.352,51751.05,47835.54,52584.54
2017-05-23,34.95,36.44,35.93,34.75,92880.2,0.94,2.69,35.484,35.356,35.334,52425.27,46144.09,53915.99
2017-05-22,35.62,35.88,34.99,34.42,48063.52,-0.63,-1.77,35.508,35.21,35.229,42950.44,40011.74,51324.21
2017-05-19,35.54,35.86,35.62,35.4,35147.13,0.06,0.17,35.63,35.194,35.182,42128.58,40018.28,51168.68
2017-05-18,35.0,35.66,35.56,34.81,33084.64,0.24,0.68,35.498,35.122,35.106,41898.98,41522.51,53756.28
2017-05-17,35.88,36.2,35.32,35.0,52950.87,-0.73,-2.02,35.386,35.102,35.022,43920.04,42791.84,55537.04
2017-05-16,35.58,36.13,36.05,35.16,45506.06,0.45,1.26,35.228,35.105,34.896,39862.9,41899.21,55081.46
2017-05-15,34.96,35.76,35.6,34.9,43954.19,0.64,1.83,34.912,35.07,34.725,37073.04,41645.4,54985.59
2017-05-12,34.78,35.22,34.96,34.65,33999.15,0.16,0.46,34.758,35.102,34.579,37907.97,44063.54,54782.75
2017-05-11,34.2,35.14,35.0,33.71,43189.92,0.47,1.36,34.746,35.251,34.494,41146.03,51888.79,54805.25
2017-05-10,34.66,34.9,34.53,34.34,32665.17,0.06,0.17,34.818,35.243,34.395,41663.64,57333.54,55351.38
2017-05-09,34.75,34.99,34.47,34.01,31556.78,-0.36,-1.03,34.982,35.311,34.343,43935.53,61687.89,56630.77
2017-05-08,34.6,35.2,34.83,34.5,48128.84,-0.07,-0.2,35.228,35.248,34.326,46217.77,62636.68,57025.63
2017-05-05,35.26,35.36,34.9,34.55,50189.45,-0.46,-1.3,35.446,35.169,34.295,50219.11,62319.09,57457.27
2017-05-04,35.45,35.57,35.36,35.1,45777.96,0.01,0.03,35.756,35.089,34.247,62631.55,65990.06,57455.08
2017-05-03,35.51,35.8,35.35,35.08,44024.62,-0.35,-0.98,35.668,34.941,34.169,73003.44,68282.24,57787.52
2017-05-02,36.0,36.01,35.7,35.32,42967.96,-0.22,-0.61,35.64,34.686,34.079,79440.26,68263.71,57547.45
2017-04-28,36.3,36.32,35.92,35.5,68135.58,-0.53,-1.45,35.268,34.379,33.948,79055.59,68325.78,57691.5
2017-04-27,34.98,36.66,36.45,34.6,112251.63,1.53,4.38,34.892,34.056,33.856,74419.07,65501.95,56972.71
2017-04-26,35.2,35.98,34.92,34.7,97637.41,-0.29,-0.82,34.422,33.736,33.714,69348.57,57721.72,53229.16
2017-04-25,33.86,35.51,35.21,33.67,76208.71,1.37,4.05,34.214,33.546,33.653,63561.05,53369.21,51162.74
2017-04-24,34.0,34.0,33.84,33.05,41044.62,-0.2,-0.59,33.732,33.375,33.582,57087.15,51573.64,50845.35
2017-04-21,33.97,34.4,34.04,33.8,44952.99,-0.06,-0.18,33.49,33.403,33.603,57595.96,51414.58,51975.71
2017-04-20,33.9,34.69,34.1,33.73,86899.13,0.22,0.65,33.22,33.421,33.612,56584.83,52595.44,54435.03
2017-04-19,32.7,33.95,33.88,32.62,68699.78,1.08,3.29,33.05,33.405,33.582,46094.86,48920.09,53603.69
2017-04-18,32.79,33.1,32.8,32.56,43839.24,0.17,0.52,32.878,33.397,33.529,43177.37,47292.8,53151.73
2017-04-17,32.6,32.96,32.63,32.39,43588.67,-0.06,-0.18,33.018,33.471,33.491,46060.13,46831.19,52787.08
2017-04-14,33.25,33.3,32.69,32.6,39897.34,-0.56,-1.68,33.316,33.517,33.482,45233.2,47057.22,52738.07
2017-04-13,33.02,33.48,33.25,33.02,34449.28,0.23,0.7,33.622,33.655,33.478,48606.05,48443.47,53307.66
2017-04-12,33.4,33.47,33.02,32.95,54112.34,-0.48,-1.43,33.76,33.691,33.445,51745.32,48736.61,54191.96
2017-04-11,34.2,34.25,33.5,33.16,58253.01,-0.62,-1.82,33.916,33.759,33.466,51408.23,48956.28,53584.5
2017-04-10,34.2,34.69,34.12,33.9,39454.05,-0.1,-0.29,33.924,33.789,33.447,47602.25,50117.06,52006.53
2017-04-07,33.75,34.5,34.22,33.63,56761.56,0.28,0.82,33.718,33.803,33.403,48881.24,52536.84,51167.22
2017-04-06,33.78,33.99,33.94,33.38,50145.62,0.14,0.41,33.688,33.803,33.365,48280.89,56274.61,50827.7
2017-04-05,33.5,34.46,33.8,33.5,52426.9,0.26,0.78,33.622,33.759,33.324,45727.9,58287.28,49993.42
2017-03-31,33.07,33.64,33.54,33.05,39223.14,0.45,1.36,33.602,33.66,33.283,46504.32,59010.67,48969.06
2017-03-30,33.94,34.0,33.09,32.86,45849.0,-0.98,-2.88,33.654,33.51,33.244,52631.86,58742.96,48718.12
2017-03-29,33.61,34.18,34.07,33.3,53759.78,0.46,1.37,33.888,33.446,33.224,56192.43,58418.92,47738.73
2017-03-28,33.74,33.8,33.61,33.49,37380.69,-0.09,-0.27,33.918,33.301,33.164,64268.33,58171.84,46597.44
2017-03-27,33.8,33.88,33.7,33.23,56309.0,-0.1,-0.3,33.896,33.198,33.126,70846.66,59647.31,46289.75
2017-03-24,34.01,34.18,33.8,33.52,69860.82,-0.46,-1.34,33.718,33.173,33.095,71517.01,58212.73,45275.16
2017-03-23,34.33,34.82,34.26,33.8,63651.87,0.04,0.12,33.366,33.105,33.094,64854.07,53896.0,44156.81
2017-03-22,33.3,34.34,34.22,33.21,94139.28,0.72,2.15,33.004,33.002,33.069,60645.4,49797.6,43194.2
2017-03-21,32.76,33.54,33.5,32.58,70272.33,0.69,2.1,32.684,32.926,33.036,52075.35,45380.79,40237.2
2017-03-20,32.05,32.9,32.81,31.98,59660.74,0.77,2.4,32.5,32.888,33.034,48447.96,41699.55,38828.2
2017-03-17,32.53,32.54,32.04,31.99,36546.12,-0.41,-1.26,32.628,32.905,33.068,44908.45,38927.46,37743.54
2017-03-16,32.52,32.75,32.45,32.26,42608.54,-0.17,-0.52,32.844,32.978,33.112,42937.93,38693.27,37147.41
2017-03-15,32.58,32.67,32.62,32.16,51289.04,0.04,0.12,33.0,33.001,33.142,38949.8,37058.53,36461.7
2017-03-14,33.47,33.55,32.58,32.12,52135.37,-0.87,-2.6,33.168,33.026,33.166,38686.22,35023.03,36335.85
2017-03-13,33.12,33.52,33.45,32.92,41963.2,0.33,1.0,33.276,33.054,33.218,34951.14,32932.18,37421.02
2017-03-10,33.11,33.23,33.12,32.92,26693.51,-0.11,-0.33,33.182,33.017,33.191,32946.46,32337.59,38032.4
2017-03-09,33.44,33.44,33.23,33.03,22667.9,-0.23,-0.69,33.112,33.083,33.175,34448.62,34417.62,39477.12
2017-03-08,33.15,33.5,33.46,32.91,49971.1,0.34,1.03,33.002,33.136,33.146,35167.26,36590.8,40172.31
2017-03-07,33.0,33.16,33.12,32.74,33459.97,0.14,0.42,32.884,33.146,33.095,31359.84,35093.61,39237.08
2017-03-06,32.8,33.05,32.98,32.62,31939.84,0.21,0.64,32.832,33.18,33.056,30913.22,35956.85,39118.9
2017-03-03,32.64,32.8,32.77,32.42,34204.27,0.09,0.28,32.852,33.23,33.031,31728.72,36559.62,39261.59
2017-03-02,32.89,32.97,32.68,32.63,26261.13,-0.19,-0.58,33.054,33.246,33.017,34386.62,35601.54,38525.09
2017-03-01,32.95,33.07,32.87,32.7,30934.0,0.01,0.03,33.27,33.283,33.014,38014.33,35864.86,38750.12
2017-02-28,33.18,33.18,32.86,32.6,31226.88,-0.22,-0.67,33.408,33.306,33.0,38827.37,37648.68,39431.72
2017-02-27,33.77,34.07,33.08,33.0,36017.32,-0.7,-2.07,33.528,33.382,32.954,41000.48,41909.86,39355.22
2017-02-24,33.79,34.08,33.78,33.68,47493.77,0.02,0.06,33.608,33.364,32.92,41390.53,43727.21,39960.67
2017-02-23,33.56,33.87,33.76,33.29,44399.7,0.2,0.6,33.438,33.267,32.828,36816.45,44536.62,39980.66
2017-02-22,33.58,33.58,33.56,33.27,34999.2,0.1,0.3,33.296,33.155,32.711,33715.39,43753.82,39884.71
2017-02-21,33.55,33.79,33.46,33.3,42092.41,-0.02,-0.06,33.204,33.043,32.602,36469.98,43380.54,41102.28
2017-02-20,32.87,33.5,33.48,32.69,37967.56,0.55,1.67,33.236,32.932,32.52,42819.23,42280.94,42402.06
2017-02-17,33.05,33.1,32.93,32.81,24623.4,-0.12,-0.36,33.12,32.832,32.42,46063.89,41963.56,44756.81
2017-02-16,33.09,33.26,33.05,32.92,28894.36,-0.05,-0.15,33.096,32.787,32.299,52256.79,41448.64,44992.44
2017-02-15,33.6,33.88,33.1,33.05,48772.15,-0.52,-1.55,33.014,32.745,32.171,53792.26,41635.39,44575.98
2017-02-14,32.9,33.64,33.62,32.78,73838.68,0.72,2.19,32.882,32.694,32.039,50291.11,41214.77,44029.95
2017-02-13,32.63,32.9,32.9,32.52,54190.87,0.09,0.27,32.628,32.525,31.867,41742.65,36800.58,42218.24
2017-02-10,32.95,33.29,32.81,32.78,55587.88,0.17,0.52,32.544,32.475,31.727,37863.23,36194.13,41139.24
2017-02-09,32.45,32.68,32.64,32.25,36571.72,0.2,0.62,32.478,32.389,31.584,30640.49,35424.69,40240.74
2017-02-08,32.35,32.6,32.44,32.3,31266.4,0.09,0.28,32.476,32.267,31.47,29478.51,36015.59,39512.26
2017-02-07,32.43,32.55,32.35,32.21,31096.37,-0.13,-0.4,32.506,32.16,31.38,32138.44,38824.02,39080.9
2017-02-06,32.5,32.63,32.48,32.35,34793.78,0.0,0.0,32.422,32.107,31.284,31858.51,42523.18,38813.61
2017-02-03,32.65,32.66,32.48,32.22,19474.16,-0.15,-0.46,32.406,32.008,31.185,34525.02,47550.06,37861.19
2017-01-26,32.48,32.97,32.63,32.48,30761.85,0.04,0.12,32.3,31.811,31.091,40208.9,48536.25,37867.26
2017-01-25,31.84,32.62,32.59,31.74,44566.03,0.66,2.07,32.058,31.597,30.988,42552.67,47516.58,37660.22
2017-01-24,32.2,32.4,31.93,31.85,29696.75,-0.47,-1.45,31.814,31.384,30.885,45509.59,46845.12,36172.29
2017-01-23,31.9,32.75,32.4,31.9,48126.32,0.45,1.41,31.792,31.208,30.818,53187.84,47635.9,36557.8
2017-01-20,31.42,32.2,31.95,31.42,47893.54,0.53,1.69,31.61,30.978,30.699,60575.1,46084.36,35141.86
2017-01-19,31.26,31.92,31.42,31.1,42480.71,0.05,0.16,31.322,30.778,30.606,56863.6,45056.8,34135.72
2017-01-18,31.1,31.54,31.37,30.71,59350.64,-0.45,-1.41,31.136,30.672,30.536,52480.48,43008.94,33897.73
2017-01-10,31.5,32.25,31.82,31.49,68087.99,0.33,1.05,30.954,30.599,30.504,48180.64,39337.78,33464.32
2017-01-09,30.41,32.01,31.49,30.41,85062.62,0.98,3.21,30.624,30.461,30.432,42083.96,35104.05,32803.75
2017-01-06,30.57,30.68,30.51,30.4,29336.06,0.02,0.07,30.346,30.361,30.446,31593.63,28172.32,31034.3
2017-01-05,30.47,30.6,30.49,30.32,20565.11,0.03,0.1,30.234,30.371,30.546,33249.99,27198.27,33768.11
2017-01-04,30.3,30.51,30.46,30.2,37851.42,0.29,0.96,30.208,30.379,30.622,33537.39,27803.86,34322.29
2017-01-03,30.11,30.21,30.17,30.0,37604.59,0.07,0.23,30.244,30.385,30.693,30494.92,25499.47,33676.97
2016-12-30,29.95,30.15,30.1,29.85,32610.95,0.15,0.5,30.298,30.428,30.779,28124.14,25479.69,34015.46
2016-12-29,30.39,30.39,29.95,29.75,37617.86,-0.41,-1.35,30.376,30.42,30.862,24751.01,24199.36,34361.79
2016-12-28,30.63,30.63,30.36,30.27,22002.13,-0.28,-0.91,30.508,30.433,30.94,21146.55,23214.65,34285.18
2016-12-27,30.44,30.67,30.64,30.3,22639.08,0.2,0.66,30.55,30.399,30.987,22070.32,24786.52,34611.59
2016-12-26,30.49,30.52,30.44,29.82,25750.7,-0.05,-0.16,30.526,30.408,31.041,20504.02,27590.86,35534.0
2016-12-23,30.61,30.66,30.49,30.41,15745.3,-0.12,-0.39,30.558,30.402,31.094,22835.24,30503.45,35691.72
2016-12-22,30.5,30.75,30.61,30.37,19595.52,0.04,0.13,30.464,30.53,31.141,23647.71,33896.27,36700.92
2016-12-21,30.5,30.76,30.57,30.41,26621.0,0.05,0.16,30.358,30.72,31.187,25282.76,40337.96,38662.46
2016-12-20,30.48,30.61,30.52,30.33,14807.57,-0.08,-0.26,30.248,30.864,31.193,27502.71,40840.72,38375.23
2016-12-19,30.01,30.71,30.6,29.91,37406.83,0.58,1.93,30.29,31.0,31.216,34677.7,41854.46,38964.67
2016-12-16,30.05,30.25,30.02,29.9,19807.64,-0.06,-0.2,30.246,31.13,31.232,38171.66,42551.22,39033.17
2016-12-15,29.9,30.4,30.08,29.9,27770.77,0.06,0.2,30.596,31.304,31.285,44144.83,44524.23,39028.62
2016-12-14,30.7,30.7,30.02,29.93,37720.76,-0.71,-2.31,31.082,31.447,31.345,55393.15,45355.72,38464.26
2016-12-13,30.4,30.83,30.73,29.8,50682.49,0.35,1.15,31.48,31.574,31.412,54178.72,44436.67,37551.5
2016-12-12,31.55,31.85,30.38,30.28,54876.65,-1.39,-4.38,31.71,31.674,31.444,49031.23,43477.14,35984.87
2016-12-09,32.49,32.49,31.77,31.66,49673.49,-0.74,-2.28,32.014,31.786,31.494,46930.77,40879.98,34811.79
2016-12-08,32.33,33.55,32.51,32.05,84012.36,0.5,1.56,32.012,31.752,31.467,44903.62,39505.57,33749.45
2016-12-07,31.96,32.1,32.01,31.62,31648.62,0.14,0.44,31.812,31.653,31.41,35318.28,36986.96,31133.68
2016-12-06,32.08,32.08,31.88,31.68,24945.03,-0.04,-0.12,31.668,31.522,31.35,34694.61,35909.74,31460.2
2016-12-05,31.88,32.1,31.9,31.65,44374.35,0.14,0.44,31.638,31.432,31.336,37923.06,36074.88,31276.8
2016-12-02,31.54,32.08,31.76,31.4,39537.73,0.25,0.79,31.558,31.333,31.304,34829.19,35515.12,30472.23
2016-12-01,31.09,31.62,31.51,31.08,36085.67,0.24,0.77,31.492,31.266,31.291,34107.51,33533.02,30126.06
2016-11-30,31.69,31.69,31.29,31.26,28530.29,-0.44,-1.39,31.494,31.242,31.318,38655.64,31572.8,29892.61
2016-11-29,31.5,32.1,31.73,31.32,41087.24,0.23,0.73,31.376,31.25,31.35,37124.86,30666.33,29984.66
2016-11-28,31.31,31.79,31.5,31.31,28905.01,0.09,0.29,31.226,31.213,31.385,34226.71,28492.59,29967.24
2016-11-25,31.34,31.58,31.43,31.14,35929.35,-0.1,-0.32,31.108,31.201,31.426,36201.06,28743.59,30425.76
2016-11-24,30.66,31.64,31.52,30.4,58826.31,0.82,2.67,31.04,31.182,31.469,32958.53,27993.33,30882.07
2016-11-23,31.0,31.0,30.7,30.61,20876.39,-0.27,-0.87,30.99,31.166,31.482,24489.96,25280.4,28957.92
2016-11-22,30.96,31.04,30.98,30.81,26596.49,0.06,0.19,31.124,31.177,31.53,24207.8,27010.65,29114.36
2016-11-21,30.95,31.21,30.91,30.71,38776.74,-0.17,-0.55,31.2,31.239,31.573,22758.47,26478.71,29461.47
2016-11-18,31.3,31.34,31.09,31.05,19716.74,-0.17,-0.54,31.294,31.274,31.618,21286.13,25429.34,28939.69
2016-11-17,31.4,31.5,31.27,31.08,16483.44,-0.1,-0.32,31.324,31.315,31.642,23028.12,26719.1,28936.88
2016-11-16,31.44,31.47,31.37,31.28,19465.59,0.01,0.03,31.342,31.394,31.669,26070.84,28212.42,28930.46
2016-11-15,31.38,31.39,31.36,31.05,19349.86,-0.02,-0.06,31.23,31.45,31.695,29813.51,29302.99,29094.07
2016-11-14,31.44,31.67,31.38,31.2,31415.02,0.13,0.42,31.278,31.556,31.735,30198.94,31441.88,30462.4
2016-11-11,31.37,31.46,31.24,31.11,28426.71,-0.13,-0.41,31.254,31.651,31.73,29572.55,32107.92,30420.48
2016-11-10,31.18,31.5,31.36,30.95,31697.01,0.55,1.78,31.306,31.756,31.75,30410.07,33770.82,30180.08
2016-11-09,31.53,31.6,30.81,30.71,38178.94,-0.78,-2.47,31.446,31.798,31.763,30354.0,32635.44,29855.15
2016-11-08,31.44,31.65,31.6,31.25,21277.02,0.33,1.05,31.67,31.883,31.817,28792.48,31218.06,28972.52
2016-11-07,31.41,31.5,31.26,31.09,28283.07,-0.22,-0.7,31.834,31.907,31.833,32684.82,32444.22,28881.45
2016-11-04,31.95,32.09,31.5,31.42,32614.32,-0.56,-1.75,32.048,31.961,31.863,34643.29,32450.05,28722.34
2016-11-03,31.98,32.25,32.06,31.72,31416.65,0.08,0.25,32.206,31.969,31.838,37131.56,31154.67,28818.72
2016-11-02,32.41,32.41,31.93,31.87,30371.32,-0.48,-1.48,32.15,31.944,31.782,34916.88,29648.5,29244.36
2016-11-01,32.33,32.43,32.42,32.1,40738.74,0.09,0.28,32.096,31.939,31.765,33643.64,28885.14,29881.07
2016-10-31,32.45,32.46,32.33,32.15,38075.42,0.04,0.12,31.98,31.914,31.684,32203.63,29482.92,28779.79
2016-10-28,31.96,32.58,32.29,31.83,45055.68,0.49,1.54,31.874,31.809,31.598,30256.81,28733.04,28346.64
2016-10-27,31.7,32.0,31.78,31.5,20343.25,0.13,0.41,31.732,31.744,31.561,25177.78,26589.35,27229.93
2016-10-26,31.89,32.0,31.66,31.58,24005.11,-0.19,-0.6,31.738,31.727,31.561,24380.12,27074.85,27781.82
2016-10-25,31.86,32.05,31.84,31.78,33538.68,0.01,0.03,31.782,31.75,31.583,24126.64,26726.99,27483.39
2016-10-24,31.67,31.98,31.8,31.51,28341.31,0.21,0.67,31.848,31.759,31.611,26762.2,25318.68,27026.44
2016-10-21,31.82,31.95,31.58,31.5,19660.55,-0.24,-0.75,31.744,31.764,31.666,27209.28,24994.62,26433.23
2016-10-20,31.9,31.94,31.81,31.69,16354.96,-0.07,-0.22,31.756,31.707,31.719,28000.91,26482.77,27369.77
2016-10-19,32.1,32.2,31.88,31.77,22737.7,-0.31,-0.96,31.716,31.619,31.737,29769.58,28840.22,28132.13
2016-10-18,31.3,32.28,32.17,31.15,46716.5,0.89,2.85,31.718,31.591,31.735,29327.34,30877.0,29433.03
2016-10-17,31.6,31.79,31.28,31.2,30576.7,-0.33,-1.04,31.67,31.453,31.776,23875.16,28076.66,28827.44
2016-10-14,31.88,31.88,31.64,31.22,23618.71,0.0,0.0,31.784,31.386,31.892,22779.96,27960.23,28694.79
2016-10-13,32.0,32.0,31.61,31.5,25198.27,-0.28,-0.88,31.658,31.377,31.997,24964.62,27870.52,29774.11
2016-10-12,31.9,32.1,31.89,31.67,20526.5,-0.03,-0.09,31.522,31.395,32.121,27910.86,28488.8,32332.3
2016-10-11,31.88,31.95,31.93,31.68,19455.63,0.05,0.16,31.464,31.416,32.205,32426.66,28239.79,34133.25
2016-10-10,31.14,31.98,31.85,31.13,25100.71,0.83,2.68,31.236,31.462,32.237,32278.16,28734.2,35662.59
2016-09-30,30.9,31.27,31.01,30.76,34541.98,0.07,0.23,30.988,31.567,32.284,33140.5,27871.83,37734.35
2016-09-29,31.53,31.73,30.93,30.8,39929.46,-0.7,-2.21,31.096,31.731,32.401,30776.42,28256.77,40215.19
2016-09-28,30.77,31.78,31.6,30.75,43105.53,0.84,2.73,31.268,31.854,32.45,29066.73,27424.04,40377.27
2016-09-27,30.7,30.89,30.79,30.47,18713.11,0.19,0.62,31.368,31.879,32.442,24052.91,27989.05,40253.87
2016-09-26,31.58,31.88,30.61,30.15,29412.43,-0.95,-3.01,31.688,32.099,32.466,25190.24,29578.23,41343.35
2016-09-23,31.88,31.9,31.55,31.5,22721.56,-0.25,-0.79,32.146,32.397,32.489,22603.16,29429.35,42010.83
2016-09-22,32.3,32.58,31.79,31.7,31381.04,-0.3,-0.94,32.366,32.616,32.504,25737.12,31677.7,42590.94
2016-09-21,32.4,32.4,32.1,32.05,18036.41,-0.3,-0.93,32.44,32.847,32.508,25781.35,36175.8,43431.1
2016-09-20,32.8,33.06,32.39,32.27,24399.77,-0.48,-1.46,32.39,32.993,32.48,31925.2,40026.71,44713.37
2016-09-19,32.6,33.1,32.9,32.5,16477.01,0.25,0.77,32.51,33.012,32.447,33966.21,42590.98,45570.86
2016-09-14,31.9,32.78,32.65,31.73,38391.35,0.49,1.52,32.648,33.001,32.371,36255.53,47596.87,47439.33
2016-09-13,32.08,32.36,32.16,31.55,31602.19,0.31,0.97,32.866,33.07,32.346,37618.28,52173.61,48551.54
2016-09-12,32.25,32.5,31.85,31.03,48755.67,-1.14,-3.46,33.254,33.046,32.322,46570.26,53330.49,49667.11
2016-09-09,33.54,33.54,32.99,32.71,34604.85,-0.6,-1.79,33.596,33.004,32.307,48128.22,52518.68,51004.15
2016-09-08,33.88,33.9,33.59,32.99,27923.61,-0.16,-0.47,33.514,32.833,32.222,51215.74,53108.46,50946.05
2016-09-07,34.15,34.57,33.74,33.58,45205.1,-0.38,-1.11,33.354,32.58,32.093,58938.2,54592.31,53018.95
2016-09-06,33.4,34.47,34.1,33.37,76362.08,0.55,1.64,33.274,32.391,31.993,66728.94,53504.18,54808.99
2016-09-05,32.9,33.95,33.56,32.41,56545.44,0.99,3.04,32.838,32.169,31.902,60090.72,50686.4,55292.28
2016-09-02,32.45,33.76,32.58,32.45,50042.45,-0.21,-0.64,32.412,31.967,31.85,56909.14,49400.03,60789.38
2016-09-01,33.03,33.98,32.79,32.68,66535.92,-0.56,-1.68,32.152,31.882,31.852,55001.19,48550.74,76379.91
2016-08-31,32.0,33.4,33.34,31.76,84158.8,1.43,4.48,31.806,31.741,31.721,50246.43,47281.8,73148.56
2016-08-30,31.43,32.09,31.92,31.33,43170.98,0.48,1.53,31.508,31.621,31.424,40279.43,44929.47,70559.45
2016-08-29,31.2,31.49,31.43,30.95,40637.57,0.14,0.45,31.5,31.598,31.22,41282.09,46003.73,70636.84
2016-08-26,31.15,31.47,31.28,30.91,40502.69,0.23,0.74,31.522,31.609,30.981,41890.92,49489.62,70878.74
2016-08-25,31.59,31.6,31.06,30.72,42762.1,-0.81,-2.54,31.612,31.61,30.769,42100.3,48783.63,70054.53
2016-08-24,31.97,32.15,31.85,31.72,34323.81,-0.04,-0.12,31.676,31.606,30.561,44317.16,51445.59,69859.75
2016-08-23,31.33,32.19,31.88,31.33,48184.28,0.34,1.08,31.734,31.595,30.283,49579.51,56113.8,69835.68
2016-08-22,31.89,32.34,31.54,31.51,43681.71,-0.19,-0.6,31.696,31.634,29.989,50725.36,59898.16,69391.47
2016-08-19,31.78,31.98,31.73,31.55,41549.58,0.36,1.15,31.696,31.733,29.669,57088.33,72178.74,69164.85
2016-08-18,32.14,32.36,31.38,31.33,53846.44,-0.76,-2.37,31.608,31.822,29.375,55466.97,104209.08,70500.49
2016-08-17,31.81,32.43,32.14,31.65,60635.53,0.49,1.55,31.536,31.7,29.064,58574.01,99015.33,70264.06
2016-08-16,31.6,32.1,31.69,31.49,53913.56,0.16,0.51,31.456,31.227,28.815,62648.09,96189.43,70401.75
2016-08-15,31.53,32.0,31.54,30.95,75496.53,0.27,0.86,31.572,30.841,28.611,69070.96,95269.94,71028.19
2016-08-12,31.08,31.3,31.29,30.8,33442.78,0.28,0.9,31.77,30.352,28.474,87269.14,92267.86,70396.29
2016-08-11,31.4,31.5,31.02,30.65,69381.65,-0.77,-2.42,32.036,29.928,28.382,152951.19,91325.42,71079.17
2016-08-10,32.03,32.76,31.74,31.56,81005.93,-0.51,-1.58,31.864,29.515,28.29,139456.65,88273.92,69962.01
2016-08-09,32.24,32.44,32.27,31.87,86027.91,-0.28,-0.86,30.998,28.971,28.216,129730.78,83557.56,68708.41
2016-08-08,32.3,32.6,32.53,31.25,166487.44,-0.08,-0.24,30.11,28.344,28.157,121468.93,78884.78,67995.37
2016-08-05,33.18,33.18,32.62,31.5,361853.03,2.46,8.16,28.934,27.604,27.988,97266.57,66150.96,61738.75
2016-08-04,30.16,30.16,30.16,30.16,1908.93,2.74,9.99,27.82,26.928,27.803,29699.64,36791.9,46180.7
2016-02-17,27.72,27.72,27.41,27.37,32376.58,-0.4,-1.44,27.166,26.427,27.831,37091.18,41512.8,49605.31
2016-02-16,26.88,27.97,27.83,26.81,44718.65,1.19,4.47,26.944,26.403,27.955,37384.34,44614.07,51692.12
2016-02-15,26.38,27.38,26.65,25.62,45475.66,-0.4,-1.48,26.578,26.38,28.17,36300.64,46786.43,52414.29
2016-02-05,26.93,27.3,27.05,26.73,24018.4,0.14,0.52,26.274,26.595,28.469,35035.34,48524.73,56871.16
2016-02-04,26.48,26.95,26.89,26.2,38866.63,0.62,2.36,26.036,26.836,28.93,43884.15,50832.93,60974.81
2016-02-03,25.55,26.57,26.3,25.27,33842.35,0.26,1.0,25.688,27.064,29.343,45934.41,51650.1,60266.45
2016-02-02,25.25,26.14,26.0,25.14,39300.15,0.86,3.42,25.862,27.46,29.976,51843.8,53859.26,67092.03
2016-02-01,25.6,25.77,25.13,24.8,39149.18,-0.71,-2.75,26.182,27.97,30.594,57272.22,57105.95,71967.92
2016-01-29,25.21,26.18,25.86,24.75,68262.46,0.81,3.23,26.916,28.372,31.112,62014.12,57326.54,76813.24
2016-01-28,26.96,26.96,25.15,24.9,49117.93,-2.0,-7.37,27.636,28.678,31.716,57781.7,55569.5,79375.84
2016-01-27,27.5,27.86,27.17,25.6,63389.27,-0.52,-1.88,28.44,29.234,32.33,57365.79,57697.81,80358.97
2016-01-26,28.5,29.2,27.6,27.4,66442.26,-1.2,-4.17,29.058,29.507,32.854,55874.72,58770.18,81898.37
2016-01-25,29.79,29.8,28.8,28.38,62858.67,-0.64,-2.17,29.758,29.959,33.294,56939.68,58042.15,88218.82
2016-01-22,29.45,29.99,29.46,28.27,47100.39,0.35,1.2,29.828,30.343,33.616,52638.96,65217.58,87456.34
2016-01-21,29.5,30.63,29.17,29.0,47038.34,-1.09,-3.6,29.72,31.024,33.903,53357.29,71116.69,87865.31
2016-01-20,30.82,31.57,30.26,30.1,55933.92,-0.8,-2.58,30.028,31.622,34.222,58029.84,68882.8,91377.93
2016-01-19,29.29,31.18,31.1,29.25,71767.1,1.91,6.54,29.956,32.492,34.46,61665.65,80324.8,92152.65
2016-01-18,28.5,29.88,29.15,28.21,41355.04,0.24,0.83,30.16,33.217,34.648,59144.62,86829.88,92863.72
2016-01-15,30.48,30.99,28.92,28.7,50692.05,-1.85,-6.01,30.858,33.852,34.895,77796.2,96299.94,93389.44
2016-01-14,29.2,30.94,30.71,28.5,70401.1,0.81,2.71,32.328,34.754,35.181,88876.08,103182.19,93759.0
2016-01-13,32.6,32.89,29.9,29.8,74112.94,-2.23,-6.94,33.216,35.426,35.354,79735.76,103020.13,92250.78
2016-01-12,32.4,33.48,32.12,31.91,59161.95,-0.52,-1.59,35.028,36.201,35.582,98983.96,105026.55,91528.9
2016-01-11,35.2,35.42,32.64,32.64,134612.97,-3.63,-10.01,36.274,36.629,35.685,114515.14,118395.5,92022.29
2016-01-08,37.05,37.3,36.27,34.5,106091.44,1.01,2.86,36.846,36.889,35.727,114803.69,109695.1,88192.93
2016-01-07,38.15,38.18,35.15,35.1,24699.51,-3.83,-9.83,37.18,36.782,35.576,117488.3,104613.94,85073.44
2016-01-06,38.85,39.87,38.96,38.35,170353.94,0.66,1.72,37.636,36.821,35.479,126304.5,113873.07,85410.45
2016-01-05,35.1,38.5,38.35,35.01,136817.84,2.76,7.75,37.374,36.428,35.208,111069.14,103980.51,80021.58
2016-01-04,38.11,39.5,35.5,35.18,136055.7,-2.42,-6.38,36.984,36.078,35.016,122275.85,98897.57,76783.76
2015-12-31,37.19,38.77,37.94,37.18,119514.49,0.5,1.33,36.932,35.938,34.969,104586.51,90478.94,74725.38
2015-12-30,37.64,37.8,37.43,36.65,68780.52,-0.21,-0.56,36.384,35.607,34.811,91739.59,84335.82,74178.51
2015-12-29,36.4,37.66,37.65,36.01,94177.16,1.21,3.32,36.006,35.282,34.612,101441.64,81481.43,75632.09
2015-12-28,35.4,37.96,36.4,35.32,192851.39,1.17,3.32,35.482,34.962,34.369,96891.87,78031.24,74052.16
2015-12-25,35.15,35.45,35.24,34.96,47608.99,0.06,0.17,35.172,34.74,34.198,75519.29,65649.08,68748.93
2015-12-24,35.46,35.7,35.2,34.66,55279.9,-0.35,-0.98,34.944,34.565,34.064,76371.36,66690.76,72820.85
2015-12-23,35.14,36.35,35.54,34.9,117290.74,0.51,1.46,34.83,34.37,33.952,76932.05,65532.93,74807.84
2015-12-22,35.0,35.55,35.03,34.6,71428.32,0.19,0.55,34.558,34.136,33.846,61521.21,56947.84,72902.66
2015-12-21,34.07,35.38,34.85,34.0,85988.49,0.75,2.2,34.442,33.988,33.755,59170.61,56062.65,72053.53
2015-12-18,34.55,34.69,34.1,34.01,51869.35,-0.52,-1.5,34.308,33.953,33.69,55778.86,54669.96,70383.83
2015-12-17,34.27,34.75,34.63,34.26,58083.33,0.45,1.32,34.186,33.999,33.687,57010.16,58971.83,70256.91
2015-12-16,34.35,34.65,34.18,34.15,40236.58,-0.27,-0.78,33.91,34.015,33.644,54133.81,64021.21,69188.94
2015-12-15,34.0,34.85,34.45,33.81,59675.31,0.26,0.76,33.714,33.941,33.594,52374.46,69782.75,69695.24
2015-12-14,33.35,34.39,34.18,32.5,69029.74,0.7,2.09,33.534,33.775,33.549,52954.69,70073.08,69610.01
2015-12-11,33.01,33.7,33.49,32.62,58025.82,0.25,0.75,33.598,33.656,33.524,53561.05,71848.79,68467.78
2015-12-10,33.4,33.52,33.25,33.0,43701.62,0.05,0.15,33.812,33.562,33.517,60933.5,78950.95,69433.69
2015-12-09,33.47,33.65,33.2,33.11,31439.8,-0.34,-1.01,34.12,33.533,33.567,73908.6,84082.75,71908.46
2015-12-08,34.37,34.37,33.55,33.25,62576.49,-0.93,-2.7,34.168,33.555,33.664,87191.04,88857.49,74419.74
2015-12-07,34.4,34.51,34.5,33.85,72061.52,-0.07,-0.2,34.016,33.522,33.742,87191.46,88044.4,75472.77
2015-12-04,34.31,35.4,34.56,34.31,94888.07,-0.22,-0.63,33.714,33.427,33.794,90136.52,86097.71,79405.55
2015-12-03,33.4,34.79,34.79,33.23,108577.13,1.36,4.07,33.312,33.375,33.82,96968.4,81541.99,79538.3
2015-12-02,32.61,33.48,33.44,32.45,97851.98,0.7,2.14,32.946,33.272,33.822,94256.9,74356.68,79744.8
2015-12-01,32.99,33.07,32.79,32.18,62578.61,-0.18,-0.55,32.942,33.247,33.874,90523.94,69607.73,79953.76
2015-11-30,32.48,32.99,32.99,31.53,86786.82,0.45,1.38,33.028,33.322,33.861,88897.34,69146.94,79111.22
2015-11-27,33.0,33.0,32.55,31.9,129047.46,-0.42,-1.27,33.14,33.391,33.86,82058.89,65086.77,77071.03
2015-11-26,33.63,33.7,32.96,32.89,95019.64,-0.44,-1.32,33.438,33.472,33.916,66115.57,59916.43,73097.12
2015-11-25,33.16,33.66,33.42,32.9,79187.19,0.21,0.63,33.598,33.6,33.965,54456.46,59734.17,71549.49
2015-11-24,33.65,33.65,33.22,32.8,54445.59,-0.32,-0.95,33.552,33.773,33.962,48691.51,59981.99,70866.28
2015-11-23,33.85,34.29,33.55,33.44,52594.57,-0.49,-1.44,33.616,33.961,34.031,49396.54,62901.13,74039.16
2015-11-20,33.75,34.1,34.04,33.6,49330.86,0.29,0.86,33.642,34.161,34.117,48114.66,72713.39,77631.7
2015-11-19,33.3,33.8,33.76,33.13,36724.09,0.57,1.72,33.506,34.265,34.233,53717.29,77534.62,82229.64
2015-11-18,33.52,34.22,33.19,33.06,50362.43,-0.34,-1.01,33.602,34.371,34.385,65011.87,85132.91,86010.53
2015-11-17,33.81,34.2,33.54,33.48,57970.76,-0.11,-0.33,33.994,34.501,34.463,71272.47,90299.79,94606.79
2015-11-16,32.76,33.68,33.68,32.61,46185.14,0.33,0.99,34.306,34.399,34.524,76405.72,89075.51,96901.07
2015-11-13,33.79,34.16,33.36,33.28,77344.02,-0.87,-2.54,34.68,34.328,34.532,97312.12,89055.28,98090.52
2015-11-12,35.35,35.65,34.24,33.78,93197.0,-0.92,-2.62,35.024,34.36,34.596,101351.95,86277.82,98861.03
2015-11-11,34.95,35.28,35.15,34.8,81665.45,0.06,0.17,35.14,34.33,34.557,105253.96,83364.82,98481.86
2015-11-10,35.5,35.99,35.1,34.8,83636.97,-0.44,-1.24,35.008,34.151,34.407,109327.1,81750.57,96539.28
2015-11-09,34.6,36.7,35.55,34.0,150717.16,0.5,1.43,34.492,34.101,34.284,101745.3,85177.19,95037.22
2015-11-06,34.79,35.1,35.08,34.51,97543.17,0.27,0.78,33.976,34.072,34.119,80798.45,82550.02,92132.87
2015-11-05,34.39,35.58,34.82,34.11,112707.04,0.33,0.96,33.696,34.2,33.898,71203.69,86924.66,89466.76
2015-11-04,32.79,34.5,34.49,32.76,102031.17,1.97,6.06,33.52,34.398,33.687,61475.68,86888.15,86488.47
2015-11-03,32.96,33.24,32.52,32.31,45727.95,-0.43,-1.3,33.294,34.424,33.429,54174.04,98913.79,82790.05
2015-11-02,33.21,33.58,32.97,32.86,45982.91,-0.7,-2.08,33.71,34.648,33.26,68609.08,104726.62,82583.06
2015-10-30,33.95,34.1,33.68,33.09,49569.37,-0.23,-0.68,34.168,34.736,33.111,84301.59,107125.75,82996.82
2015-10-29,33.79,34.53,33.94,33.46,64066.98,0.57,1.71,34.704,34.832,32.932,102645.62,111444.24,85569.36
2015-10-28,34.0,34.42,33.36,33.21,65522.98,-1.23,-3.56,35.276,34.783,32.73,112300.62,113598.9,84311.13
2015-10-27,35.01,35.01,34.6,33.0,117903.17,-0.65,-1.84,35.554,34.662,32.543,143653.55,111327.98,83741.51
2015-10-26,36.9,36.92,35.26,34.95,124445.46,-1.1,-3.02,35.586,34.467,32.33,140844.17,104897.26,80546.66
2015-10-23,37.1,37.5,36.36,35.7,141289.52,-0.42,-1.14,35.304,34.166,32.087,129949.91,101715.73,76688.41
2015-10-22,34.15,36.95,36.8,34.15,112341.96,1.98,5.69,34.96,33.596,31.743,120242.85,92008.86,71790.61
2015-10-21,37.0,37.9,34.75,34.4,222287.64,0.02,0.06,34.29,32.975,31.373,114897.17,86088.79,69504.1
2015-10-20,33.84,34.85,34.76,33.81,103856.25,0.93,2.75,33.77,32.433,31.171,79002.41,66666.31,61351.11
2015-10-19,34.99,34.99,33.85,33.33,69974.19,-0.78,-2.25,33.348,31.871,30.837,68950.34,60439.5,59804.39
2015-10-16,34.0,35.86,34.64,33.88,92754.22,1.19,3.56,33.028,31.485,30.64,73481.54,58867.88,61762.37
2015-10-15,32.01,33.66,33.45,32.0,85613.57,1.28,3.98,32.232,31.031,30.566,63774.87,59694.49,60523.69
2015-10-14,32.68,32.98,32.15,32.11,42813.83,-0.52,-1.59,31.66,30.676,30.573,57280.4,55023.36,60525.16
2015-10-13,32.0,32.96,32.65,31.86,53595.91,0.41,1.27,31.096,30.423,30.644,54330.2,56155.04,62602.09
2015-10-12,30.88,33.17,32.25,30.88,92630.16,1.59,5.19,30.394,30.193,30.666,51928.66,56196.06,62591.58
2015-10-09,30.7,30.77,30.66,30.3,44220.9,0.06,0.2,29.942,30.007,30.621,44254.22,51661.1,61307.72
2015-10-08,30.36,30.83,30.59,30.18,53141.21,1.26,4.3,29.83,29.89,30.625,55614.1,51572.37,65261.95
2015-09-30,29.0,29.46,29.33,28.89,28062.84,0.2,0.69,29.692,29.771,30.595,52766.32,52919.41,68430.63
2015-09-29,29.05,29.56,29.14,28.79,41588.2,-0.84,-2.8,29.75,29.909,30.782,57979.88,56035.92,71297.33
2015-09-28,29.83,30.1,29.99,28.72,54257.95,-0.14,-0.47,29.992,29.803,31.124,60463.45,59169.28,74591.2
2015-09-25,30.36,31.33,30.1,29.9,101020.31,0.2,0.67,30.072,29.794,31.273,59067.98,64656.86,77597.65
2015-09-24,29.65,30.18,29.9,29.41,38902.32,0.27,0.91,29.95,30.101,31.267,47530.63,61352.9,78547.82
2015-09-23,29.8,30.0,29.62,29.28,54130.63,-0.71,-2.34,29.85,30.469,31.237,53072.49,66026.96,84079.5
2015-09-22,30.46,30.88,30.35,29.7,54006.04,-0.03,-0.1,30.068,30.864,31.383,54091.96,69049.14,88207.73
2015-09-21,29.4,30.47,30.39,29.03,47280.59,0.9,3.05,29.614,31.139,31.678,57875.1,68987.1,90779.54
2015-09-18,29.73,29.9,29.49,28.7,43333.56,0.07,0.24,29.516,31.234,32.096,70245.75,70954.34,95586.39
2015-09-17,30.14,30.99,29.4,29.2,66611.62,-1.3,-4.24,30.252,31.36,32.734,75175.17,78951.54,100623.62
2015-09-16,28.15,30.8,30.71,28.15,59227.97,2.63,9.37,31.088,31.419,33.413,78981.44,83941.85,104363.19
2015-09-15,29.29,29.35,28.08,28.0,72921.77,-1.82,-6.09,31.66,31.655,34.265,84006.33,86558.75,109498.89
2015-09-14,34.47,34.88,29.9,29.89,109133.83,-3.31,-9.97,32.664,32.444,35.287,80099.09,90013.11,112483.43
2015-09-11,33.16,33.71,33.17,32.36,67980.64,-0.4,-1.19,32.952,32.751,36.116,71662.93,90538.43,112317.05
2015-09-10,33.74,34.97,33.58,33.51,85642.98,0.02,0.06,32.468,32.432,36.771,82727.91,95742.74,116206.7
2015-09-09,33.3,34.15,33.57,32.22,84352.43,0.51,1.54,31.75,32.004,37.38,88902.26,102132.05,119217.52
2015-09-08,30.75,33.49,33.1,30.71,53385.59,1.81,5.79,31.65,31.901,37.919,89111.16,107366.32,121430.0
2015-09-07,31.0,32.67,31.34,30.92,66953.0,0.6,1.95,32.224,32.216,38.282,99927.13,112571.98,122350.57
2015-09-02,28.51,31.39,30.75,28.05,123305.54,0.85,2.84,32.55,32.958,38.667,109413.92,120218.45,121854.92
2015-09-01,33.11,33.96,29.99,29.76,116514.76,-3.07,-9.29,32.396,34.108,39.155,108757.57,122295.71,121548.9
2015-08-31,35.3,35.3,33.07,32.66,85396.91,-2.92,-8.11,32.258,35.407,39.661,115361.83,124784.53,120241.41
2015-08-28,34.13,36.0,35.97,33.81,107465.46,3.0,9.1,32.152,36.875,39.842,125621.47,132439.03,121136.2
2015-08-27,30.8,32.97,32.97,30.3,114386.95,3.0,10.01,32.208,38.13,40.006,125216.83,134953.74,119297.38
2015-08-26,30.2,31.6,29.98,28.05,120023.76,0.68,2.32,33.366,39.48,40.383,131022.97,134095.67,119240.06
2015-08-25,29.3,32.0,29.3,29.29,149536.05,-3.24,-9.96,35.82,41.11,40.987,135833.85,136670.66,118957.58
2015-08-24,34.1,34.15,32.54,32.54,136695.14,-3.62,-10.01,38.556,42.755,41.51,134207.23,136303.0,118948.72
2015-08-21,37.73,38.76,36.25,35.96,105442.27,-2.51,-6.48,41.598,43.937,41.887,139256.59,135493.68,120705.17
2015-08-20,41.01,41.38,38.76,38.68,143417.61,-3.37,-8.0,44.052,44.348,42.304,144690.64,132129.15,125106.7
2015-08-19,40.5,43.25,42.25,38.68,144078.2,-0.73,-1.7,45.594,44.376,42.738,137168.38,123491.39,126384.18
2015-08-18,47.5,47.55,42.98,42.98,141402.94,-4.77,-9.99,46.4,44.202,42.941,137507.47,120802.09,127437.04
2015-08-17,48.0,49.5,47.75,46.78,161941.91,-0.75,-1.55,46.954,43.915,42.897,138398.76,115698.29,124493.1
2015-08-14,46.83,48.8,48.52,45.99,132612.55,2.12,4.57,46.276,42.808,42.517,131730.77,109833.38,121087.39
2015-08-13,45.75,47.48,46.47,44.32,105806.28,0.19,0.41,44.644,41.882,42.046,119567.65,103641.02,118238.66
2015-08-12,45.26,48.95,46.28,44.76,145773.66,0.55,1.2,43.158,41.285,41.558,109814.39,104384.45,117723.55
2015-08-11,44.0,48.36,45.75,43.58,145859.42,1.39,3.13,42.004,40.863,41.0,104096.7,101244.5,114829.14
2015-08-10,41.51,44.36,44.36,41.51,128601.96,4.03,9.99,40.876,40.264,40.666,92997.81,101594.45,114400.45
2015-08-07,39.65,40.8,40.36,39.65,71796.94,1.34,3.43,39.34,39.837,40.413,87935.98,105916.66,112432.99
2015-08-06,39.0,40.5,39.04,38.18,57039.99,-1.47,-3.63,39.12,40.26,40.181,87714.38,118084.26,112301.68
2015-08-05,40.1,42.44,40.51,38.98,117185.2,0.44,1.1,39.412,41.1,39.852,98954.51,129276.97,115112.72
2015-08-04,37.01,40.12,40.11,36.55,90364.94,3.44,9.38,39.722,41.679,39.303,98392.3,134072.0,126061.13
2015-08-03,38.76,39.3,36.68,35.76,103292.84,-2.61,-6.64,39.652,41.878,39.26,110191.09,133287.92,127939.87
2015-07-31,39.7,41.38,39.26,38.5,70688.92,-1.26,-3.11,40.334,42.226,39.403,123897.34,132341.41,129309.15
2015-07-30,41.8,43.74,40.5,39.55,113240.63,-1.59,-3.78,41.4,42.21,39.412,148454.14,132836.31,132757.4
2015-07-29,40.43,42.54,42.06,38.3,114374.16,2.3,5.79,42.788,41.83,39.344,159599.43,131062.65,133977.2
2015-07-28,38.99,41.81,39.76,36.3,149358.88,-0.33,-0.82,43.636,41.136,39.163,169751.69,128413.79,135284.07
2015-07-27,42.98,46.8,40.09,40.09,171824.09,-4.45,-9.99,44.104,41.068,39.12,156384.75,127206.45,134278.73
2015-07-24,46.72,48.4,44.59,43.0,193472.92,-2.84,-5.99,44.118,40.988,39.045,140785.49,118949.32,131390.62
2015-07-23,46.6,50.5,47.44,45.66,168967.09,1.14,2.46,43.02,40.101,38.583,117218.48,106519.1,126217.1
2015-07-22,42.25,46.3,46.3,40.37,165135.48,4.21,10.0,40.872,38.604,37.778,102525.87,100948.47,122330.73
2015-07-21,39.89,43.8,42.1,38.8,82524.15,1.98,4.93,38.636,36.926,36.926,87075.89,118050.26,118050.26
2015-07-20,39.59,41.46,40.16,38.66,93827.79,1.07,2.74,38.032,36.351,36.351,98028.16,121997.6,121997.6
2015-07-17,36.88,39.45,39.1,36.88,75637.91,2.45,6.68,37.858,35.875,35.875,97113.16,125518.83,125518.83
2015-07-16,35.12,37.94,36.7,33.0,95504.01,1.58,4.5,37.182,35.414,35.414,95819.72,132644.68,132644.68
2015-07-15,38.0,38.5,35.12,35.12,87885.57,-3.9,-9.99,36.336,35.2,35.2,99371.07,138834.79,138834.79
2015-07-14,40.0,42.3,39.08,38.98,137285.53,-0.21,-0.53,35.216,35.216,35.216,149024.63,149024.63,149024.63
2015-07-13,38.0,39.29,39.29,36.8,89252.79,3.57,9.99,34.25,34.25,34.25,151959.41,151959.41,151959.41
2015-07-10,35.5,35.72,35.72,33.52,69170.68,3.25,10.01,32.57,32.57,32.57,172861.61,172861.61,172861.61
2015-07-09,28.35,32.47,32.47,28.35,113260.78,2.95,9.99,30.995,30.995,30.995,224707.08,224707.08,224707.08
2015-07-08,28.4,31.57,29.52,28.4,336153.38,-2.04,-6.46,29.52,29.52,29.52,336153.38,336153.38,336153.38
